0.,0.529183,0.642857,0.590717,0.66065,0.57346,0.480851,0.569672,0.619205,0.673846,0.721804,0.503472,0.559259,0.678832,0.693603,0.661597,0.603448,0.534722,0.697095,0.728448,0.678431,0.7251,0.714844,0.673554,0.692308,0.648551,0.692623,0.713235,0.699588,0.596685,0.705607,0.702326,0.706731,0.719388,0.728507,0.642202,0.54417,0.711712,0.681159,0.723502,0.72541,0.70354,0.798942,0.835165,0.67893,0.693878,0.669145,0.705882,0.602996,0.772242,0.764912,0.523622,0.653153,0.716216,0.691406,0.683761,0.685714,0.702439,0.81893,0.838583,0.66805,0.816594,0.69863,0.761719,0.759184,0.724,0.782609,0.778878,0.677551,0.678715,0.502591,0.646789,0.497268,0.598958,0.642857,0.687805,0.761194,0.741784,0.789474,0.716895,0.811111,0.833333,0.706522,0.693333,0.675106,0.725389,0.708333,0.761421,0.809756,0.815385,0.803109,0.725118,0.698276,0.838384,0.815315,0.723301,0.746341,0.617117,0.762646,0.762626,0.668142,0.836449,0.768182,0.780822,0.66899,0.761905,0.756098,0.809955,0.821168,0.876923,0.82243,0.887179,0.894737,0.84874,0.769547,0.824786,0.850575,0.816754,0.914286,0.848958,0.890625,0.873737,0.882051,0.869565,0.965318,0.920455,0.902439,0.924324
0.529183,0.,0.574297,0.618868,0.674342,0.570815,0.600719,0.648936,0.592476,0.634218,0.755853,0.65407,0.654952,0.757098,0.467153,0.633452,0.651235,0.620061,0.664093,0.692,0.612782,0.738351,0.652985,0.599206,0.694534,0.70607,0.759717,0.722408,0.701493,0.723214,0.72314,0.760956,0.740586,0.758772,0.762846,0.698413,0.54902,0.669456,0.644444,0.717842,0.570833,0.720472,0.828054,0.859813,0.755102,0.695925,0.673469,0.718563,0.65894,0.783871,0.773163,0.656766,0.717054,0.737052,0.655678,0.671875,0.674157,0.681416,0.758755,0.761364,0.626459,0.753086,0.706122,0.749104,0.732075,0.670455,0.731034,0.731861,0.733096,0.746528,0.700405,0.727626,0.665217,0.745833,0.745583,0.776423,0.834025,0.760331,0.81982,0.772549,0.861111,0.868182,0.826087,0.750958,0.79021,0.806867,0.780392,0.784141,0.835443,0.851528,0.846491,0.776423,0.744361,0.855895,0.833992,0.795918,0.790795,0.715909,0.77193,0.790393,0.789091,0.862348,0.83908,0.863118,0.726154,0.776923,0.783898,0.800813,0.832237,0.889381,0.840816,0.852535,0.9,0.840909,0.769517,0.819231,0.889952,0.868421,0.937799,0.875556,0.901345,0.891304,0.893805,0.899083,0.970732,0.932692,0.915612,0.935484
0.642857,0.574297,0.,0.629956,0.73913,0.61,0.658635,0.701195,0.664407,0.721003,0.742063,0.721003,0.733564,0.739777,0.579767,0.581897,0.66899,0.704545,0.677273,0.679612,0.579186,0.68,0.627803,0.626728,0.75089,0.776224,0.771784,0.770677,0.774059,0.6875,0.663158,0.75122,0.71875,0.711864,0.735294,0.508197,0.685811,0.554945,0.563218,0.663158,0.595122,0.68932,0.792899,0.811321,0.76412,0.692029,0.754647,0.731293,0.627451,0.737255,0.76779,0.72,0.751131,0.740385,0.67234,0.649289,0.676991,0.65,0.772093,0.723005,0.726496,0.741117,0.769953,0.775,0.73991,0.718615,0.772549,0.733577,0.771429,0.740741,0.745283,0.807018,0.788462,0.776119,0.790323,0.77,0.822917,0.793103,0.830508,0.747573,0.828221,0.865497,0.812155,0.806167,0.797521,0.820106,0.798122,0.818182,0.830688,0.831461,0.837989,0.794118,0.781659,0.796512,0.823529,0.769231,0.812183,0.791489,0.824701,0.84375,0.780702,0.852792,0.813397,0.85446,0.799331,0.747619,0.765957,0.84058,0.867925,0.853801,0.837563,0.858824,0.886905,0.827103,0.698113,0.770732,0.865385,0.812865,0.929487,0.862069,0.895349,0.870057,0.892045,0.885542,0.966887,0.922581,0.902174,0.926829
0.590717,0.618868,0.629956,0.,0.608527,0.576355,0.603239,0.698842,0.685065,0.737952,0.752852,0.661342,0.653571,0.736462,0.689895,0.650794,0.630662,0.698413,0.698276,0.695853,0.694779,0.694915,0.67364,0.685106,0.693141,0.733333,0.786561,0.78853,0.754098,0.691892,0.738095,0.678218,0.647368,0.721925,0.694175,0.641148,0.662207,0.707547,0.681818,0.725962,0.694323,0.705069,0.805556,0.802395,0.731788,0.685512,0.759857,0.702703,0.561753,0.752809,0.772563,0.67033,0.773504,0.741935,0.728346,0.718615,0.734694,0.736318,0.804348,0.8159,0.685106,0.795349,0.753425,0.789683,0.767932,0.731405,0.791045,0.790541,0.736842,0.756863,0.717593,0.795745,0.685,0.758454,0.72541,0.752427,0.778351,0.825688,0.827957,0.742991,0.83237,0.867403,0.829016,0.815126,0.792,0.793814,0.775229,0.804124,0.816327,0.847368,0.822581,0.821101,0.786611,0.846561,0.827103,0.769608,0.79902,0.744681,0.780877,0.780105,0.748918,0.815,0.828054,0.830275,0.737201,0.754545,0.734375,0.78744,0.856618,0.875,0.851675,0.88587,0.893855,0.835556,0.735683,0.776744,0.880952,0.843243,0.934132,0.832402,0.889503,0.871658,0.892473,0.898876,0.969136,0.927711,0.907692,0.919075
0.66065,0.674342,0.73913,0.608527,0.,0.641667,0.691781,0.705882,0.747875,0.697143,0.75,0.658824,0.647059,0.767516,0.693038,0.722034,0.676923,0.761773,0.725564,0.75969,0.725352,0.75,0.726619,0.755396,0.729299,0.720257,0.767025,0.75,0.732342,0.720183,0.767347,0.711864,0.727273,0.789474,0.714286,0.72619,0.642857,0.789883,0.753138,0.792,0.769231,0.762646,0.816901,0.832512,0.761062,0.663399,0.701695,0.731928,0.699346,0.786885,0.779935,0.722045,0.768061,0.734694,0.700361,0.738636,0.782456,0.766949,0.80916,0.832117,0.746377,0.834646,0.76,0.778571,0.719844,0.758123,0.784512,0.784615,0.753571,0.753521,0.749004,0.740157,0.77551,0.769874,0.770318,0.785124,0.813853,0.789256,0.824885,0.780877,0.845411,0.874419,0.825893,0.796226,0.776173,0.806167,0.784,0.782805,0.788288,0.872247,0.798122,0.809717,0.793358,0.876652,0.83871,0.774468,0.8,0.727969,0.770609,0.815789,0.716535,0.863071,0.816,0.832,0.762918,0.740891,0.76652,0.814815,0.828283,0.890909,0.845833,0.884793,0.896714,0.827451,0.714286,0.818898,0.897059,0.879464,0.940887,0.87156,0.893023,0.851852,0.895455,0.874396,0.974874,0.935644,0.903509,0.923077
0.57346,0.570815,0.61,0.576355,0.641667,0.,0.588235,0.660793,0.734694,0.734426,0.717391,0.659722,0.69697,0.67364,0.628,0.61086,0.681319,0.672535,0.719048,0.730964,0.678733,0.684211,0.654028,0.716279,0.719844,0.713726,0.701422,0.702128,0.7277,0.597315,0.627219,0.7,0.650602,0.670968,0.659091,0.597765,0.599237,0.697297,0.566038,0.689266,0.727273,0.666667,0.744828,0.772059,0.713235,0.720755,0.690377,0.723636,0.621849,0.755187,0.746939,0.647541,0.71066,0.695652,0.72807,0.685,0.705607,0.707602,0.825243,0.815166,0.691943,0.778378,0.702703,0.757991,0.685279,0.682692,0.75641,0.764259,0.726027,0.697248,0.597701,0.72449,0.67052,0.690058,0.724771,0.712644,0.778443,0.75419,0.766667,0.688889,0.792857,0.829932,0.738562,0.729592,0.731132,0.703226,0.7,0.716129,0.779141,0.776316,0.807692,0.748603,0.715,0.766667,0.802198,0.725146,0.774566,0.683417,0.78125,0.765432,0.732673,0.860335,0.778378,0.849741,0.770073,0.724868,0.719512,0.802198,0.841667,0.847682,0.789474,0.853333,0.862069,0.781915,0.760976,0.826531,0.807692,0.751724,0.884615,0.826667,0.864865,0.851613,0.854305,0.852113,0.96124,0.901515,0.895706,0.907801
0.480851,0.600719,0.658635,0.603239,0.691781,0.588235,0.,0.506224,0.670807,0.692308,0.728261,0.631579,0.666667,0.677305,0.704545,0.5,0.640523,0.527211,0.745174,0.75102,0.701493,0.712062,0.70229,0.703125,0.699324,0.675862,0.740458,0.724382,0.727626,0.694581,0.714286,0.760684,0.727273,0.621053,0.724891,0.659389,0.626623,0.757322,0.709091,0.747826,0.751938,0.711864,0.81,0.84456,0.71519,0.721683,0.71875,0.674267,0.556391,0.681481,0.650558,0.645614,0.729508,0.77686,0.77305,0.744094,0.743396,0.763393,0.831373,0.827586,0.66129,0.820084,0.713043,0.80292,0.79771,0.759399,0.790941,0.801887,0.716475,0.671875,0.557692,0.681035,0.650943,0.613861,0.669323,0.727273,0.790698,0.737557,0.806931,0.730435,0.834197,0.854271,0.748744,0.679654,0.673469,0.727723,0.722467,0.75,0.819444,0.842105,0.842105,0.733032,0.668085,0.841346,0.82906,0.731481,0.753488,0.623377,0.753788,0.763285,0.736842,0.864629,0.7897,0.786026,0.694352,0.772727,0.768519,0.798246,0.819788,0.899522,0.831111,0.893204,0.900497,0.846154,0.779528,0.832653,0.859459,0.80303,0.907609,0.828283,0.896552,0.875,0.88835,0.871134,0.967391,0.925134,0.897196,0.928571
0.569672,0.648936,0.701195,0.698842,0.705882,0.660793,0.506224,0.,0.679245,0.692771,0.752727,0.613419,0.688963,0.68231,0.726384,0.65019,0.593103,0.58804,0.766537,0.793522,0.661417,0.748062,0.727969,0.704,0.619048,0.661922,0.717131,0.642308,0.724,0.668394,0.715596,0.757709,0.752294,0.619565,0.67907,0.659193,0.690852,0.698198,0.739726,0.744395,0.758893,0.623256,0.795812,0.844086,0.740506,0.683673,0.701439,0.683168,0.637681,0.715867,0.727599,0.6875,0.741667,0.753247,0.734082,0.760956,0.735409,0.782805,0.830645,0.840467,0.724409,0.818965,0.736842,0.787879,0.752033,0.784906,0.797872,0.823344,0.717647,0.703125,0.64186,0.587678,0.694836,0.679612,0.690763,0.728972,0.776699,0.733645,0.792746,0.754386,0.807692,0.848168,0.744792,0.625,0.684647,0.773399,0.779221,0.765,0.82381,0.761905,0.748663,0.7109,0.707627,0.840796,0.785388,0.696078,0.72549,0.691983,0.750973,0.784314,0.748971,0.869955,0.7713,0.783784,0.733553,0.775424,0.777251,0.833333,0.827338,0.884422,0.835616,0.888889,0.907692,0.831224,0.767347,0.811966,0.865922,0.807292,0.909605,0.851282,0.903553,0.864322,0.889447,0.871658,0.971751,0.921788,0.909091,0.919786
0.619205,0.592476,0.664407,0.685065,0.747875,0.734694,0.670807,0.679245,0.,0.692708,0.780415,0.628415,0.685714,0.722714,0.677233,0.673981,0.651558,0.678284,0.733553,0.77592,0.666667,0.781931,0.734177,0.638889,0.746479,0.731429,0.785047,0.712538,0.755627,0.7,0.752688,0.731884,0.785714,0.794007,0.802721,0.712281,0.676712,0.78157,0.71161,0.729927,0.739274,0.790698,0.871212,0.894531,0.780105,0.707386,0.752907,0.713499,0.701754,0.776471,0.791429,0.695906,0.697183,0.759582,0.677524,0.679443,0.715686,0.770073,0.794613,0.792079,0.747604,0.804196,0.79322,0.783699,0.741611,0.75,0.78869,0.729107,0.746032,0.713826,0.705036,0.72028,0.746377,0.768116,0.668919,0.763636,0.823529,0.793594,0.842308,0.756184,0.864542,0.875,0.788235,0.728223,0.729373,0.847273,0.829431,0.806818,0.837638,0.842912,0.860377,0.759124,0.760797,0.855513,0.840278,0.807143,0.815884,0.780645,0.799383,0.846715,0.8,0.888889,0.804196,0.858108,0.709402,0.825658,0.831541,0.848276,0.791411,0.884615,0.846429,0.900763,0.915058,0.842282,0.825397,0.823129,0.902834,0.844358,0.94332,0.885496,0.911877,0.890566,0.905303,0.914397,0.97541,0.939024,0.919708,0.949416
0.673846,0.634218,0.721003,0.737952,0.697143,0.734426,0.692308,0.692771,0.692708,0.,0.680124,0.638522,0.668539,0.696793,0.640805,0.740634,0.638889,0.672775,0.76087,0.8125,0.747774,0.765244,0.775148,0.719243,0.699717,0.656892,0.745342,0.697605,0.706452,0.806338,0.751724,0.818182,0.82392,0.83737,0.803922,0.794304,0.634615,0.818471,0.773973,0.756014,0.722581,0.714286,0.873646,0.908088,0.743455,0.75266,0.737892,0.760309,0.731302,0.792135,0.792818,0.696884,0.732673,0.766667,0.711656,0.728155,0.665574,0.764085,0.730375,0.75817,0.681818,0.768166,0.732877,0.673267,0.7411,0.721519,0.731928,0.766938,0.756839,0.718266,0.701389,0.652482,0.758621,0.749117,0.728972,0.795918,0.848276,0.657795,0.837638,0.796053,0.85,0.885609,0.8125,0.761438,0.768519,0.826241,0.790698,0.812274,0.857639,0.855072,0.833948,0.770833,0.755627,0.875,0.808219,0.808219,0.787234,0.755556,0.778788,0.842105,0.721854,0.848276,0.79322,0.834437,0.76781,0.825949,0.823529,0.83612,0.840909,0.906475,0.83391,0.873134,0.907407,0.849359,0.77707,0.84984,0.91635,0.889286,0.94636,0.891304,0.844961,0.907801,0.921708,0.910781,0.980695,0.950382,0.912281,0.948148
0.721804,0.755853,0.742063,0.752852,0.75,0.717391,0.728261,0.752727,0.780415,0.680124,0.,0.760933,0.748366,0.666667,0.751634,0.764286,0.72524,0.739394,0.753036,0.759657,0.736641,0.810606,0.718254,0.793103,0.789474,0.70318,0.748,0.72119,0.769841,0.76,0.779279,0.753425,0.809955,0.833333,0.788546,0.760684,0.754601,0.833333,0.786364,0.821739,0.784861,0.783898,0.854922,0.886486,0.784375,0.731544,0.790378,0.765823,0.74744,0.793594,0.78169,0.753378,0.742489,0.781659,0.72973,0.709402,0.755906,0.807339,0.838843,0.839357,0.75,0.832599,0.765487,0.751004,0.768595,0.800766,0.782288,0.731707,0.641026,0.67623,0.701835,0.743478,0.804444,0.704434,0.742063,0.765258,0.79703,0.746412,0.839378,0.814655,0.754491,0.859459,0.772487,0.794979,0.742857,0.762887,0.759091,0.833333,0.850242,0.863636,0.846154,0.782407,0.791837,0.857143,0.810185,0.781991,0.745,0.756198,0.795367,0.816832,0.775934,0.848341,0.816964,0.802752,0.787097,0.787879,0.808612,0.810185,0.851449,0.878947,0.855814,0.87766,0.885246,0.834783,0.855469,0.835498,0.897727,0.871795,0.936416,0.88601,0.904762,0.875648,0.901554,0.871508,0.970238,0.923977,0.899498,0.933702
0.503472,0.65407,0.721003,0.661342,0.658824,0.659722,0.631579,0.613419,0.628415,0.638522,0.760933,0.,0.563636,0.653614,0.700549,0.725947,0.615819,0.62973,0.790909,0.797468,0.744048,0.78012,0.767857,0.769697,0.665698,0.660819,0.72956,0.697605,0.680921,0.725564,0.772881,0.749141,0.787671,0.808511,0.771812,0.734219,0.584046,0.775578,0.761246,0.781145,0.773994,0.756579,0.852941,0.883459,0.651685,0.715069,0.697059,0.727513,0.652941,0.724036,0.769014,0.630952,0.728477,0.762542,0.69969,0.744409,0.695513,0.802048,0.833856,0.841463,0.750769,0.840391,0.758389,0.781818,0.761146,0.756923,0.776163,0.81201,0.717868,0.730061,0.619926,0.661972,0.625954,0.717391,0.679612,0.753521,0.789855,0.791096,0.858696,0.724739,0.863118,0.873134,0.781132,0.723906,0.708738,0.805054,0.727273,0.749049,0.820789,0.833948,0.807547,0.77931,0.714286,0.862816,0.816327,0.770318,0.8125,0.688963,0.775076,0.817204,0.636042,0.819788,0.70073,0.802721,0.669516,0.787582,0.807018,0.804124,0.820809,0.918149,0.861486,0.89781,0.923358,0.867508,0.780952,0.871473,0.899614,0.799228,0.938224,0.870849,0.904412,0.884058,0.898182,0.902622,0.976744,0.942308,0.916084,0.944238
0.559259,0.654952,0.733564,0.653571,0.647059,0.69697,0.666667,0.688963,0.685714,0.668539,0.748366,0.563636,0.,0.710191,0.685976,0.742038,0.6,0.644315,0.738516,0.757353,0.741722,0.765306,0.772277,0.778524,0.628289,0.653722,0.751724,0.732258,0.703971,0.703057,0.764479,0.732283,0.756972,0.819277,0.724409,0.744444,0.633634,0.803636,0.789272,0.801498,0.744681,0.782609,0.820961,0.846154,0.737752,0.725373,0.72293,0.74212,0.687697,0.75641,0.77709,0.629508,0.733333,0.776119,0.718644,0.714286,0.732639,0.764,0.821429,0.83045,0.722807,0.819549,0.748092,0.787879,0.790941,0.747405,0.769481,0.774481,0.69395,0.708333,0.672,0.748148,0.712551,0.726531,0.6787,0.756972,0.783333,0.803846,0.833333,0.768061,0.847534,0.844444,0.799145,0.751852,0.751748,0.790795,0.742188,0.783898,0.828571,0.863071,0.82906,0.776471,0.758993,0.848101,0.832061,0.780877,0.790323,0.713235,0.776271,0.82449,0.640316,0.690583,0.697095,0.821293,0.716012,0.79927,0.763485,0.795276,0.815534,0.89916,0.838583,0.898305,0.914163,0.851449,0.738007,0.826568,0.895455,0.830435,0.945701,0.876596,0.919831,0.882353,0.90795,0.90393,0.976959,0.940909,0.923695,0.938596
0.678832,0.757098,0.739777,0.736462,0.767516,0.67364,0.677305,0.68231,0.722714,0.696793,0.666667,0.653614,0.710191,0.,0.72956,0.704225,0.739521,0.700297,0.8,0.82197,0.739286,0.769231,0.717472,0.783394,0.75,0.707641,0.681102,0.673913,0.727969,0.726415,0.789256,0.815261,0.797468,0.786364,0.767635,0.761905,0.714715,0.820312,0.775424,0.763713,0.806569,0.80695,0.837321,0.882353,0.707547,0.746082,0.744966,0.755287,0.676871,0.780405,0.756757,0.73871,0.6875,0.776423,0.772727,0.744186,0.664032,0.820084,0.834615,0.794574,0.737828,0.81893,0.745833,0.738636,0.740157,0.763838,0.733813,0.754839,0.721804,0.707865,0.638393,0.760956,0.751073,0.686636,0.701149,0.771552,0.837719,0.79661,0.828571,0.777778,0.832487,0.868932,0.736318,0.702929,0.663968,0.769953,0.76569,0.779343,0.812785,0.818182,0.818182,0.787234,0.752941,0.828571,0.832636,0.76,0.78125,0.733333,0.744361,0.768868,0.726908,0.87234,0.713004,0.810924,0.748428,0.838462,0.82684,0.817797,0.846939,0.859223,0.834783,0.868932,0.902913,0.816327,0.824627,0.797521,0.875,0.79,0.915789,0.860577,0.909524,0.867299,0.896226,0.885572,0.973684,0.932642,0.894495,0.935644
0.693603,0.467153,0.579767,0.689895,0.693038,0.628,0.704545,0.726384,0.677233,0.640805,0.751634,0.700549,0.685976,0.72956,0.,0.612676,0.649547,0.670487,0.695971,0.71374,0.601476,0.738676,0.670251,0.67033,0.708075,0.726994,0.750865,0.755556,0.683824,0.77686,0.74902,0.815498,0.794574,0.779167,0.762452,0.704981,0.628399,0.682731,0.698347,0.74902,0.588,0.686275,0.840517,0.860987,0.747851,0.697248,0.730159,0.741379,0.669872,0.767516,0.729032,0.700935,0.713208,0.702381,0.638989,0.679245,0.70922,0.700422,0.744275,0.708812,0.694245,0.748,0.756654,0.744755,0.755396,0.692029,0.722973,0.743902,0.767677,0.767442,0.778598,0.829861,0.812734,0.82197,0.814935,0.808429,0.872093,0.816794,0.857143,0.808118,0.877193,0.883621,0.857143,0.829268,0.832787,0.834008,0.797753,0.832653,0.860558,0.876543,0.86722,0.835206,0.801394,0.847458,0.844697,0.826923,0.832031,0.804795,0.853503,0.856574,0.766187,0.831325,0.818868,0.863971,0.80226,0.794118,0.797571,0.840304,0.852201,0.884615,0.833333,0.84375,0.899563,0.846715,0.727612,0.812734,0.904977,0.887967,0.950226,0.913223,0.914894,0.895833,0.921162,0.917749,0.976852,0.940639,0.905738,0.947598
0.661597,0.633452,0.581897,0.650794,0.722034,0.61086,0.5,0.65019,0.673981,0.740634,0.764286,0.725947,0.742038,0.704225,0.612676,0.,0.707547,0.64557,0.72,0.719149,0.66537,0.706349,0.609959,0.692,0.754098,0.773463,0.764259,0.772414,0.756757,0.719212,0.725225,0.771552,0.75,0.610811,0.689498,0.675439,0.673016,0.696429,0.696262,0.683721,0.706122,0.705628,0.811224,0.834225,0.769939,0.72549,0.757679,0.690554,0.651246,0.714286,0.612403,0.699659,0.718487,0.74569,0.708333,0.65812,0.682731,0.7109,0.737069,0.756198,0.717647,0.768889,0.782427,0.803704,0.769841,0.710317,0.76087,0.767213,0.754717,0.716475,0.722944,0.805556,0.788793,0.738532,0.758491,0.783186,0.835616,0.792952,0.825871,0.741228,0.842105,0.850515,0.79803,0.760331,0.754864,0.794258,0.782051,0.809524,0.831776,0.826733,0.866029,0.814655,0.763052,0.837438,0.840517,0.777273,0.809955,0.777344,0.817518,0.810427,0.800781,0.871681,0.831224,0.852941,0.776025,0.788382,0.768868,0.820175,0.84965,0.863636,0.832579,0.879397,0.892308,0.828452,0.696581,0.793991,0.868132,0.810256,0.911111,0.853535,0.899498,0.877451,0.885572,0.896907,0.96648,0.923077,0.9,0.926702
0.603448,0.651235,0.66899,0.630662,0.676923,0.681319,0.640523,0.593103,0.651558,0.638889,0.72524,0.615819,0.6,0.739521,0.649547,0.707547,0.,0.55988,0.752508,0.753521,0.657627,0.761438,0.719472,0.720539,0.612179,0.637224,0.752475,0.680645,0.720137,0.732794,0.727273,0.724528,0.766917,0.789062,0.759124,0.690037,0.610619,0.717472,0.732824,0.764706,0.732877,0.686567,0.842105,0.870833,0.710227,0.661631,0.68038,0.739612,0.645768,0.700965,0.784024,0.696697,0.765517,0.749091,0.720779,0.730104,0.76699,0.759542,0.810997,0.808081,0.745875,0.817204,0.771429,0.779221,0.726316,0.776699,0.792049,0.752907,0.744262,0.736156,0.720588,0.708029,0.749064,0.757576,0.682759,0.743295,0.824427,0.761364,0.857708,0.754579,0.852941,0.891566,0.821429,0.761404,0.768977,0.826923,0.797153,0.778226,0.821012,0.862745,0.825911,0.743295,0.724382,0.862205,0.807407,0.807407,0.779923,0.759322,0.767974,0.8125,0.723404,0.772908,0.808664,0.792593,0.750708,0.772242,0.787645,0.862191,0.820988,0.896825,0.848148,0.900398,0.915323,0.810714,0.739437,0.819788,0.902542,0.864542,0.944915,0.897638,0.912,0.898438,0.917969,0.896694,0.978541,0.940426,0.911877,0.942623
0.534722,0.620061,0.704545,0.698413,0.761773,0.672535,0.527211,0.58804,0.678284,0.672775,0.739394,0.62973,0.644315,0.700297,0.670487,0.64557,0.55988,0.,0.765823,0.729452,0.717391,0.758621,0.75,0.743671,0.695652,0.690962,0.67893,0.739645,0.73955,0.75,0.761404,0.816667,0.772242,0.737452,0.751748,0.726027,0.651934,0.747405,0.749104,0.786942,0.739414,0.731959,0.847909,0.883721,0.680672,0.681948,0.708333,0.688889,0.64759,0.708589,0.687117,0.657738,0.71134,0.763699,0.75076,0.753247,0.732484,0.791519,0.836538,0.822222,0.71521,0.795139,0.780405,0.787037,0.816199,0.765625,0.77381,0.797844,0.734177,0.693548,0.691756,0.738095,0.695167,0.745455,0.691803,0.767857,0.830935,0.801394,0.845283,0.785714,0.875969,0.873077,0.806084,0.710801,0.757962,0.802974,0.780069,0.827839,0.857143,0.850187,0.854478,0.780919,0.752475,0.870849,0.839041,0.797872,0.789091,0.723333,0.776398,0.811111,0.763934,0.863636,0.819728,0.813149,0.70255,0.820847,0.800725,0.839041,0.819527,0.915441,0.849123,0.902622,0.912548,0.833333,0.790323,0.867742,0.904762,0.856061,0.940239,0.875,0.909434,0.904762,0.911111,0.916031,0.975904,0.944444,0.917266,0.938224
0.697095,0.664093,0.677273,0.698276,0.725564,0.719048,0.745174,0.766537,0.733553,0.76087,0.753036,0.790909,0.738516,0.8,0.695971,0.72,0.752508,0.765823,0.,0.546961,0.668122,0.684932,0.637615,0.686364,0.816609,0.799296,0.773504,0.822222,0.786325,0.678571,0.737113,0.726804,0.683333,0.711765,0.773399,0.68,0.754098,0.690722,0.71123,0.775,0.683962,0.701493,0.78125,0.791946,0.773649,0.681648,0.711462,0.740484,0.727612,0.782101,0.764479,0.685824,0.75814,0.765854,0.732218,0.728111,0.75,0.662857,0.791469,0.759434,0.759657,0.774359,0.695876,0.744493,0.769231,0.783898,0.764228,0.729323,0.762712,0.708696,0.831818,0.846491,0.820388,0.843902,0.849802,0.843902,0.833333,0.848781,0.848837,0.773399,0.833333,0.850932,0.836158,0.840708,0.815126,0.81768,0.834906,0.84153,0.80226,0.862857,0.875706,0.855072,0.820961,0.848837,0.850746,0.845,0.840206,0.814655,0.851406,0.860963,0.845494,0.875648,0.867299,0.853659,0.84106,0.813084,0.747191,0.850746,0.893536,0.83125,0.658537,0.821656,0.789116,0.825243,0.797297,0.791045,0.887417,0.858824,0.939597,0.888235,0.896341,0.863095,0.865854,0.826667,0.964789,0.917808,0.903409,0.922581
0.728448,0.692,0.679612,0.695853,0.75969,0.730964,0.75102,0.793522,0.77592,0.8125,0.759657,0.797468,0.757353,0.82197,0.71374,0.719149,0.753521,0.729452,0.546961,0.,0.638095,0.641414,0.669856,0.695652,0.8125,0.811808,0.759259,0.836576,0.784404,0.746914,0.758242,0.774194,0.645963,0.701299,0.743169,0.703704,0.816393,0.664773,0.654545,0.771739,0.638743,0.732984,0.760563,0.742188,0.784452,0.618257,0.767068,0.763441,0.722222,0.764706,0.735294,0.749035,0.747475,0.78125,0.765217,0.758454,0.779279,0.647799,0.789744,0.767677,0.778281,0.75,0.78125,0.779817,0.753695,0.78733,0.787234,0.74902,0.77027,0.694836,0.84466,0.87037,0.833333,0.840426,0.852321,0.834225,0.848837,0.863874,0.888199,0.763441,0.843972,0.847222,0.859756,0.848341,0.851528,0.818182,0.824742,0.864706,0.844311,0.867925,0.860759,0.858639,0.837963,0.852564,0.86631,0.847826,0.868132,0.825688,0.8875,0.885057,0.858447,0.881356,0.860104,0.826087,0.858621,0.782383,0.748466,0.84153,0.894309,0.816901,0.766871,0.830986,0.728,0.820106,0.76,0.734463,0.88806,0.870968,0.930769,0.881579,0.875,0.829932,0.871622,0.870504,0.95935,0.914062,0.898734,0.903704
0.678431,0.612782,0.579186,0.694779,0.725352,0.678733,0.701493,0.661417,0.666667,0.747774,0.736641,0.744048,0.741722,0.739286,0.601476,0.66537,0.657627,0.717391,0.668122,0.638095,0.,0.67094,0.672199,0.655172,0.691756,0.766102,0.702929,0.693487,0.736625,0.717277,0.653266,0.744186,0.706468,0.705882,0.7109,0.626794,0.740625,0.615,0.68,0.770642,0.627273,0.634615,0.802198,0.82659,0.750809,0.590226,0.721612,0.71,0.610687,0.736842,0.748175,0.737931,0.755365,0.733945,0.701195,0.722222,0.742972,0.688776,0.801724,0.663551,0.726531,0.792627,0.751131,0.768,0.479381,0.784314,0.779851,0.657993,0.774319,0.72,0.793103,0.798319,0.785388,0.807339,0.801527,0.823529,0.823529,0.795349,0.818182,0.752294,0.828571,0.857143,0.807292,0.771552,0.765182,0.820895,0.8,0.78866,0.825,0.849741,0.861538,0.785047,0.779167,0.811828,0.850679,0.807512,0.807692,0.793522,0.792969,0.789744,0.817814,0.867925,0.850877,0.858407,0.800643,0.752252,0.8,0.876106,0.858182,0.73494,0.837321,0.869565,0.889503,0.811659,0.744589,0.727273,0.876471,0.851852,0.94152,0.878307,0.903226,0.867725,0.888298,0.875706,0.969697,0.916168,0.892308,0.932584
0.7251,0.738351,0.68,0.694915,0.75,0.684211,0.712062,0.748062,0.781931,0.765244,0.810606,0.78012,0.765306,0.769231,0.738676,0.706349,0.761438,0.758621,0.684932,0.641414,0.67094,0.,0.710638,0.76569,0.783217,0.80756,0.742489,0.772727,0.796681,0.719101,0.712821,0.765854,0.642458,0.699422,0.737624,0.663366,0.762821,0.72549,0.679144,0.706186,0.721973,0.728571,0.789157,0.792208,0.736301,0.716846,0.75188,0.741497,0.719557,0.76834,0.726562,0.726277,0.786667,0.778302,0.788235,0.779221,0.766667,0.702703,0.791667,0.75463,0.770833,0.723958,0.795349,0.7875,0.712963,0.737069,0.739837,0.706767,0.778689,0.753086,0.825893,0.809735,0.84186,0.814634,0.839844,0.826087,0.826316,0.830918,0.860335,0.737624,0.846626,0.813665,0.822222,0.814159,0.794979,0.817204,0.812207,0.834225,0.815217,0.821839,0.867403,0.837321,0.805195,0.827586,0.832512,0.838235,0.867647,0.804255,0.84127,0.835106,0.834746,0.84456,0.81068,0.818627,0.86262,0.773585,0.741758,0.866029,0.857692,0.79375,0.791444,0.869823,0.864198,0.819048,0.730233,0.709845,0.847682,0.823529,0.913907,0.852941,0.873494,0.827381,0.870588,0.876543,0.966216,0.921053,0.900553,0.91195
0.714844,0.652985,0.627803,0.67364,0.726619,0.654028,0.70229,0.727969,0.734177,0.775148,0.718254,0.767857,0.772277,0.717472,0.670251,0.609959,0.719472,0.75,0.637615,0.669856,0.672199,0.710638,0.,0.700855,0.785714,0.768166,0.752066,0.738636,0.769547,0.725806,0.773585,0.792627,0.74,0.735135,0.736842,0.671429,0.721683,0.725118,0.700508,0.75,0.716157,0.698113,0.8,0.810976,0.807571,0.738832,0.750916,0.757377,0.705455,0.789668,0.768382,0.734982,0.768559,0.764977,0.757812,0.751073,0.78,0.748744,0.783784,0.77533,0.722689,0.784689,0.735849,0.818898,0.746725,0.772358,0.782443,0.721014,0.704641,0.731707,0.769231,0.827004,0.832579,0.788462,0.804688,0.788462,0.857143,0.804762,0.82967,0.772093,0.841176,0.850575,0.824468,0.811159,0.792683,0.78836,0.792627,0.823834,0.805263,0.867725,0.861702,0.8,0.817427,0.816667,0.839623,0.8,0.811881,0.791667,0.810277,0.830769,0.826446,0.868293,0.850679,0.878924,0.83758,0.799107,0.773196,0.834123,0.879121,0.845714,0.80102,0.870057,0.864706,0.804651,0.794872,0.76555,0.87037,0.832402,0.925466,0.872928,0.892655,0.880435,0.851429,0.849398,0.968153,0.925466,0.92228,0.929412
0.673554,0.599206,0.626728,0.685106,0.755396,0.716279,0.703125,0.704,0.638889,0.719243,0.793103,0.769697,0.778524,0.783394,0.67033,0.692,0.720539,0.743671,0.686364,0.695652,0.655172,0.76569,0.700855,0.,0.766784,0.778947,0.769874,0.800738,0.723684,0.762162,0.764706,0.790476,0.755102,0.73743,0.769231,0.74537,0.755627,0.707921,0.687831,0.680628,0.669767,0.711538,0.790419,0.816456,0.802589,0.708633,0.766667,0.746622,0.711111,0.801498,0.788889,0.75,0.754545,0.731707,0.734694,0.753304,0.752101,0.630682,0.758294,0.720379,0.678571,0.763819,0.731707,0.741379,0.781659,0.775,0.789883,0.814433,0.808765,0.769231,0.8,0.810573,0.737374,0.773869,0.803213,0.838095,0.827225,0.826087,0.815029,0.83105,0.861446,0.870588,0.854839,0.814978,0.82996,0.830688,0.845455,0.803279,0.847368,0.849162,0.874317,0.821256,0.821277,0.861111,0.855769,0.81,0.804124,0.7897,0.823293,0.804348,0.830508,0.874372,0.861111,0.858491,0.81,0.786047,0.722222,0.861244,0.826772,0.845238,0.835897,0.8,0.865031,0.863014,0.792952,0.780488,0.899371,0.883333,0.942308,0.867052,0.913295,0.9,0.91573,0.890909,0.959459,0.914474,0.895028,0.919255
0.692308,0.694534,0.75089,0.693141,0.729299,0.719844,0.699324,0.619048,0.746479,0.699717,0.789474,0.665698,0.628289,0.75,0.708075,0.754098,0.612179,0.695652,0.816609,0.8125,0.691756,0.783217,0.785714,0.766784,0.,0.685246,0.778169,0.701031,0.735294,0.773913,0.739669,0.762097,0.782787,0.786957,0.7125,0.758621,0.728324,0.749004,0.800797,0.799213,0.744444,0.6625,0.819444,0.84058,0.763158,0.720497,0.746753,0.760234,0.689542,0.777049,0.793651,0.744548,0.793358,0.772549,0.761092,0.769231,0.797251,0.814516,0.828996,0.846429,0.712177,0.808765,0.762846,0.767857,0.75188,0.769504,0.782609,0.818991,0.764912,0.734043,0.756863,0.702811,0.742739,0.772727,0.732852,0.797571,0.821277,0.771784,0.827273,0.77381,0.853081,0.860465,0.828194,0.761538,0.795775,0.792952,0.781746,0.769231,0.832618,0.84375,0.84375,0.757322,0.715953,0.848214,0.797521,0.807377,0.802521,0.735849,0.759857,0.802632,0.753788,0.806035,0.804,0.810484,0.768769,0.792308,0.769565,0.826613,0.806122,0.892377,0.828452,0.876147,0.913242,0.864662,0.788889,0.816406,0.876847,0.834862,0.94686,0.868182,0.914414,0.879464,0.9163,0.907407,0.975248,0.931373,0.904762,0.939252
0.648551,0.70607,0.776224,0.733333,0.720257,0.713726,0.675862,0.661922,0.731429,0.656892,0.70318,0.660819,0.653722,0.707641,0.726994,0.773463,0.637224,0.690962,0.799296,0.811808,0.766102,0.80756,0.768166,0.778947,0.685246,0.,0.689394,0.672535,0.695817,0.78355,0.798419,0.8,0.791837,0.846473,0.768,0.799257,0.677711,0.840741,0.828125,0.8125,0.826389,0.7251,0.860987,0.877934,0.762463,0.739264,0.745928,0.787966,0.662207,0.811502,0.819315,0.727848,0.779026,0.716049,0.756014,0.790614,0.762411,0.808943,0.82397,0.816176,0.691729,0.840467,0.726531,0.739927,0.755639,0.764286,0.761092,0.789634,0.709559,0.733096,0.672269,0.680328,0.703863,0.718615,0.731884,0.791837,0.820513,0.786008,0.837104,0.815385,0.82439,0.875576,0.806306,0.770115,0.76,0.786667,0.745902,0.739535,0.83691,0.863436,0.81106,0.77686,0.739464,0.862832,0.760684,0.771186,0.754386,0.749064,0.763441,0.801762,0.703557,0.835443,0.773663,0.8,0.741538,0.805344,0.820084,0.84,0.821549,0.886878,0.832636,0.87037,0.892523,0.771429,0.810219,0.801587,0.898058,0.86036,0.941463,0.872727,0.918919,0.883929,0.911111,0.891509,0.97,0.925743,0.904348,0.938967
0.692623,0.759717,0.771784,0.786561,0.767025,0.701422,0.740458,0.717131,0.785047,0.745342,0.748,0.72956,0.751724,0.681102,0.750865,0.764259,0.752475,0.67893,0.773504,0.759259,0.702929,0.742489,0.752066,0.769874,0.778169,0.689394,0.,0.686992,0.692308,0.731844,0.768473,0.827907,0.752577,0.782609,0.71066,0.760369,0.745928,0.795349,0.794118,0.786408,0.826446,0.739336,0.830409,0.871951,0.722222,0.621622,0.659919,0.778146,0.723247,0.804511,0.730469,0.671756,0.698565,0.729064,0.782609,0.778261,0.75,0.805,0.828829,0.792793,0.775,0.792079,0.722772,0.733624,0.699531,0.746781,0.748988,0.779359,0.7625,0.681223,0.715686,0.747664,0.715026,0.746114,0.781893,0.79,0.812834,0.788945,0.769697,0.818605,0.823899,0.8125,0.728916,0.734597,0.735683,0.755682,0.727273,0.745665,0.801105,0.807018,0.8,0.765306,0.75,0.777108,0.80203,0.764398,0.763441,0.77193,0.797521,0.782123,0.776786,0.861538,0.767677,0.79397,0.812709,0.838565,0.793651,0.848781,0.848249,0.836364,0.796791,0.862275,0.85625,0.765,0.832618,0.846512,0.838926,0.786585,0.90604,0.858824,0.865854,0.847059,0.869823,0.839744,0.958904,0.90604,0.893855,0.911392
0.713235,0.722408,0.770677,0.78853,0.75,0.702128,0.724382,0.642308,0.712538,0.697605,0.72119,0.697605,0.732258,0.673913,0.755556,0.772414,0.680645,0.739645,0.822222,0.836576,0.693487,0.772727,0.738636,0.800738,0.701031,0.672535,0.686992,0.,0.704453,0.753623,0.756637,0.785408,0.792035,0.802817,0.738938,0.765432,0.691824,0.791667,0.752252,0.793991,0.815789,0.741525,0.839196,0.875,0.749216,0.732026,0.688406,0.791541,0.775974,0.800687,0.813333,0.757377,0.7375,0.743478,0.739777,0.78125,0.755725,0.826087,0.821862,0.822835,0.778196,0.849372,0.764957,0.765385,0.643172,0.752896,0.697318,0.773771,0.748092,0.699219,0.70354,0.659193,0.754464,0.753425,0.732558,0.797357,0.828704,0.679612,0.8,0.792373,0.815217,0.824468,0.765306,0.669643,0.733068,0.798077,0.774892,0.76,0.807692,0.80102,0.80102,0.69378,0.70339,0.8,0.802691,0.740566,0.763033,0.751004,0.747082,0.785366,0.799213,0.86036,0.726852,0.816594,0.786164,0.806584,0.833333,0.844156,0.815217,0.850515,0.846847,0.866667,0.896907,0.753363,0.802372,0.743243,0.866667,0.826531,0.916201,0.875,0.875648,0.881773,0.873096,0.86631,0.97191,0.928177,0.909524,0.942708
0.699588,0.701493,0.774059,0.754098,0.732342,0.7277,0.727626,0.724,0.755627,0.706452,0.769841,0.680921,0.703971,0.727969,0.683824,0.756757,0.720137,0.73955,0.786325,0.784404,0.736625,0.796681,0.769547,0.723684,0.735294,0.695817,0.692308,0.704453,0.,0.755556,0.758794,0.802885,0.768041,0.79235,0.751244,0.79638,0.739274,0.809302,0.791045,0.758794,0.778261,0.741627,0.841176,0.869565,0.741379,0.766551,0.682731,0.788079,0.748175,0.815789,0.789474,0.673077,0.613402,0.692308,0.587963,0.688679,0.684685,0.643678,0.675258,0.767442,0.706667,0.782828,0.664921,0.689498,0.669903,0.704036,0.59633,0.794326,0.759494,0.722222,0.724138,0.761682,0.737113,0.721925,0.763713,0.828431,0.828877,0.747368,0.757764,0.810427,0.805195,0.793548,0.804598,0.8,0.765217,0.721893,0.675532,0.710843,0.79096,0.796407,0.831395,0.768041,0.723005,0.802395,0.798969,0.780105,0.766304,0.73516,0.8,0.757225,0.768182,0.762712,0.757732,0.820895,0.798635,0.846847,0.777174,0.786458,0.832669,0.847561,0.786885,0.777778,0.83871,0.826923,0.820175,0.838863,0.851351,0.819277,0.911565,0.863095,0.87037,0.844311,0.846626,0.851613,0.965278,0.918919,0.892045,0.923567
0.596685,0.723214,0.6875,0.691892,0.720183,0.597315,0.694581,0.668394,0.7,0.806338,0.76,0.725564,0.703057,0.726415,0.77686,0.719212,0.732794,0.75,0.678571,0.746914,0.717277,0.719101,0.725806,0.762162,0.773913,0.78355,0.731844,0.753623,0.755556,0.,0.565891,0.550388,0.606299,0.605263,0.610294,0.56338,0.754864,0.671233,0.639098,0.687943,0.734104,0.686275,0.608247,0.666667,0.788,0.746781,0.733333,0.754098,0.722727,0.741294,0.75,0.652381,0.572414,0.687075,0.734375,0.624204,0.67052,0.691729,0.810976,0.82659,0.768817,0.782313,0.721854,0.75,0.730539,0.745856,0.773869,0.796537,0.696629,0.675978,0.612676,0.664474,0.737931,0.753521,0.702247,0.679105,0.733871,0.705882,0.71028,0.568182,0.613636,0.72449,0.463158,0.688312,0.686391,0.737705,0.736486,0.711864,0.678261,0.724771,0.712963,0.708029,0.742515,0.733945,0.742647,0.684615,0.75,0.778409,0.791444,0.735537,0.740964,0.837037,0.721429,0.784722,0.796681,0.723684,0.736434,0.804196,0.884058,0.801887,0.75,0.831776,0.831683,0.778524,0.775148,0.826923,0.758621,0.66,0.847059,0.794393,0.825243,0.809091,0.833333,0.791667,0.939024,0.847059,0.863248,0.873684
0.705607,0.72314,0.663158,0.738095,0.767347,0.627219,0.714286,0.715596,0.752688,0.751724,0.779279,0.772881,0.764479,0.789256,0.74902,0.725225,0.727273,0.761404,0.737113,0.758242,0.653266,0.712821,0.773585,0.764706,0.739669,0.798419,0.768473,0.756637,0.758794,0.565891,0.,0.645161,0.648649,0.6,0.596026,0.58125,0.761733,0.676829,0.64,0.723926,0.732984,0.682353,0.704918,0.745614,0.792593,0.74502,0.748918,0.70751,0.722689,0.704225,0.742222,0.756098,0.715084,0.698795,0.739336,0.708108,0.728643,0.695364,0.821622,0.816754,0.782609,0.745342,0.744186,0.76,0.687151,0.730964,0.752336,0.800797,0.774038,0.767772,0.764045,0.771739,0.788235,0.757764,0.807512,0.757764,0.767123,0.627586,0.742188,0.567568,0.75,0.77686,0.719697,0.756906,0.75,0.787671,0.77193,0.75,0.75,0.744186,0.834532,0.742138,0.740541,0.691057,0.764331,0.7875,0.787097,0.779487,0.755,0.786207,0.810256,0.83871,0.804734,0.821429,0.827715,0.652174,0.76,0.838323,0.860987,0.854962,0.796053,0.852713,0.872,0.794118,0.802083,0.829545,0.798165,0.744,0.858491,0.774194,0.758621,0.824427,0.844961,0.822034,0.952381,0.869159,0.869565,0.898305
0.702326,0.760956,0.75122,0.678218,0.711864,0.7,0.760684,0.757709,0.731884,0.818182,0.753425,0.749141,0.732283,0.815261,0.815498,0.771552,0.724528,0.816667,0.726804,0.774194,0.744186,0.765854,0.792627,0.790476,0.762097,0.8,0.827907,0.785408,0.802885,0.550388,0.645161,0.,0.705128,0.695035,0.710843,0.668605,0.758993,0.726744,0.7125,0.757396,0.78,0.73743,0.75,0.75,0.794118,0.726908,0.766949,0.749049,0.745902,0.718894,0.8125,0.758065,0.752688,0.775281,0.72381,0.690217,0.79717,0.748428,0.835979,0.854271,0.778846,0.834286,0.788889,0.803828,0.752632,0.8,0.825328,0.788,0.721393,0.775701,0.786885,0.754098,0.797688,0.775758,0.738916,0.768293,0.681159,0.781818,0.818841,0.636943,0.732759,0.818898,0.742647,0.798942,0.789216,0.782313,0.795455,0.804054,0.753521,0.80292,0.80292,0.811765,0.756614,0.827338,0.797546,0.759494,0.782051,0.80597,0.810427,0.805369,0.8,0.810458,0.785714,0.795181,0.815789,0.648148,0.738255,0.74359,0.852018,0.830769,0.821656,0.854962,0.856,0.85,0.804124,0.837989,0.853448,0.78626,0.881818,0.815385,0.868217,0.844444,0.881481,0.844262,0.953271,0.891892,0.863309,0.881356
0.706731,0.740586,0.71875,0.647368,0.727273,0.650602,0.727273,0.752294,0.785714,0.82392,0.809955,0.787671,0.756972,0.797468,0.794574,0.75,0.766917,0.772242,0.683333,0.645963,0.706468,0.642458,0.74,0.755102,0.782787,0.791837,0.752577,0.792035,0.768041,0.606299,0.648649,0.705128,0.,0.619048,0.64,0.672727,0.772894,0.709877,0.657534,0.684211,0.707182,0.736842,0.695652,0.663366,0.728,0.752033,0.728507,0.729084,0.745763,0.747664,0.75,0.747899,0.766667,0.754491,0.783019,0.764706,0.775,0.705479,0.826816,0.802198,0.767677,0.779874,0.731707,0.77551,0.731844,0.726316,0.795349,0.779167,0.758794,0.733668,0.760234,0.815217,0.8,0.78481,0.822967,0.78481,0.805556,0.820988,0.785714,0.700637,0.787611,0.75,0.761538,0.787709,0.784615,0.775362,0.775758,0.798561,0.744361,0.777778,0.815385,0.8,0.796791,0.776,0.815287,0.8,0.846154,0.783069,0.84689,0.825175,0.808511,0.837838,0.817073,0.834356,0.840304,0.733333,0.719424,0.815287,0.876712,0.79661,0.75,0.842975,0.843478,0.783951,0.724138,0.722581,0.77,0.768595,0.858586,0.8,0.827586,0.832,0.853659,0.81982,0.948454,0.881188,0.878788,0.890909
0.719388,0.758772,0.711864,0.721925,0.789474,0.670968,0.621053,0.619565,0.794007,0.83737,0.833333,0.808511,0.819277,0.786364,0.779167,0.610811,0.789062,0.737452,0.711765,0.701299,0.705882,0.699422,0.735135,0.73743,0.786957,0.846473,0.782609,0.802817,0.79235,0.605263,0.6,0.695035,0.619048,0.,0.622222,0.632653,0.799242,0.64539,0.609375,0.70922,0.706587,0.662162,0.625,0.655172,0.809524,0.743478,0.793578,0.691304,0.730594,0.743719,0.625668,0.76652,0.763636,0.766234,0.811881,0.775862,0.759563,0.704545,0.807453,0.802395,0.810526,0.769231,0.782051,0.793478,0.777778,0.762431,0.818627,0.824786,0.807292,0.774869,0.795031,0.795181,0.815789,0.765957,0.836735,0.791667,0.806202,0.798611,0.794643,0.652174,0.773196,0.742268,0.745614,0.75625,0.776536,0.772358,0.805195,0.788618,0.788618,0.752294,0.79646,0.808219,0.810345,0.772727,0.833333,0.782609,0.851064,0.815642,0.838542,0.809524,0.849162,0.842105,0.802721,0.853333,0.878906,0.709459,0.730159,0.791367,0.893204,0.796117,0.753968,0.826923,0.814433,0.806667,0.756098,0.791946,0.764706,0.715686,0.782051,0.74,0.795918,0.814815,0.839623,0.797872,0.936709,0.841463,0.869565,0.857143
0.728507,0.762846,0.735294,0.694175,0.714286,0.659091,0.724891,0.67907,0.802721,0.803922,0.788546,0.771812,0.724409,0.767635,0.762452,0.689498,0.759124,0.751748,0.773399,0.743169,0.7109,0.737624,0.736842,0.769231,0.7125,0.768,0.71066,0.738938,0.751244,0.610294,0.596026,0.710843,0.64,0.622222,0.,0.694915,0.782456,0.729885,0.716049,0.738095,0.776119,0.674419,0.704,0.710526,0.8,0.708502,0.737069,0.764925,0.721992,0.787879,0.730088,0.76,0.755319,0.72093,0.789238,0.753846,0.752427,0.766871,0.837696,0.838384,0.780952,0.802326,0.742857,0.788462,0.73545,0.748768,0.768182,0.81323,0.760766,0.766355,0.762431,0.770053,0.77907,0.748466,0.777251,0.763636,0.797386,0.73125,0.75,0.690909,0.747899,0.793651,0.737226,0.775401,0.767327,0.760274,0.763006,0.765517,0.748252,0.779412,0.805755,0.683871,0.739362,0.647541,0.730769,0.770186,0.78481,0.79,0.789474,0.791946,0.808081,0.85,0.795322,0.845714,0.851449,0.758427,0.766234,0.848837,0.837838,0.850746,0.823899,0.865672,0.875969,0.798851,0.7,0.8,0.826087,0.780303,0.883929,0.818182,0.806452,0.838235,0.832061,0.837398,0.954128,0.883929,0.888889,0.892562
