0.,0.364444,0.366379,0.505791,0.744027,0.482072,0.669039,0.615385,0.652015,0.713805
0.364444,0.,0.315175,0.430605,0.721212,0.505155,0.687117,0.653061,0.672956,0.698507
0.366379,0.315175,0.,0.184739,0.744928,0.547231,0.705015,0.634228,0.683891,0.700581
0.505791,0.430605,0.184739,0.,0.6875,0.594427,0.685294,0.607383,0.630435,0.653846
0.744027,0.721212,0.744928,0.6875,0.,0.49481,0.582781,0.697368,0.672956,0.607029
0.482072,0.505155,0.547231,0.594427,0.49481,0.,0.6,0.663399,0.677812,0.626911
0.669039,0.687117,0.705015,0.685294,0.582781,0.6,0.,0.694805,0.563758,0.631579
0.615385,0.653061,0.634228,0.607383,0.697368,0.663399,0.694805,0.,0.554745,0.571429
0.652015,0.672956,0.683891,0.630435,0.672956,0.677812,0.563758,0.554745,0.,0.650155
0.713805,0.698507,0.700581,0.653846,0.607029,0.626911,0.631579,0.571429,0.650155,0.
0.,0.350943,0.39749,0.676375
0.350943,0.,0.27,0.65704
0.39749,0.27,0.,0.663866
0.676375,0.65704,0.663866,0.
0.,0.287582,0.335616,0.389474,0.354839,0.415205,0.484663,0.354167,0.403974,0.38172,0.541667,0.514563,0.655367,0.615385,0.736486,0.684874,0.561321,0.641509,0.673469,0.59799
0.287582,0.,0.408805,0.41206,0.42,0.438889,0.587912,0.50303,0.523529,0.511962,0.388889,0.387755,0.622222,0.568306,0.684932,0.708,0.636364,0.663677,0.608247,0.555
0.335616,0.408805,0.,0.507538,0.515,0.476744,0.566265,0.438356,0.473684,0.487047,0.550802,0.5,0.668605,0.627119,0.75,0.7173,0.62963,0.690141,0.678947,0.608247
0.389474,0.41206,0.507538,0.,0.4,0.406863,0.606481,0.515306,0.567961,0.508403,0.596639,0.56,0.702222,0.646018,0.691131,0.69395,0.640152,0.674419,0.697095,0.635246
0.354839,0.42,0.515,0.4,0.,0.414634,0.586854,0.468421,0.517588,0.442982,0.522124,0.571429,0.678733,0.615385,0.687117,0.69395,0.629771,0.598361,0.66383,0.6125
0.415205,0.438889,0.476744,0.406863,0.414634,0.,0.562162,0.419753,0.505747,0.518519,0.548544,0.568282,0.675258,0.610256,0.711475,0.68254,0.638655,0.617117,0.645631,0.62037
0.484663,0.587912,0.566265,0.606481,0.586854,0.562162,0.,0.410959,0.437086,0.458333,0.582474,0.644144,0.60479,0.588571,0.686833,0.631111,0.469388,0.585,0.542857,0.550265
0.354167,0.50303,0.438356,0.515306,0.468421,0.419753,0.410959,0.,0.313433,0.454054,0.551913,0.614286,0.631902,0.622093,0.770548,0.726496,0.599034,0.655172,0.661202,0.625
0.403974,0.523529,0.473684,0.567961,0.517588,0.505747,0.437086,0.313433,0.,0.432432,0.598958,0.601896,0.615854,0.622857,0.739583,0.698276,0.572816,0.615,0.646739,0.625641
0.38172,0.511962,0.487047,0.508403,0.442982,0.518519,0.458333,0.454054,0.432432,0.,0.563319,0.533058,0.658879,0.6,0.652866,0.654275,0.555102,0.657371,0.67382,0.573913
0.541667,0.388889,0.550802,0.596639,0.522124,0.548544,0.582474,0.551913,0.598958,0.563319,0.,0.528634,0.663317,0.592965,0.664452,0.678295,0.635246,0.649573,0.595122,0.524038
0.514563,0.387755,0.5,0.56,0.571429,0.568282,0.644144,0.614286,0.601896,0.533058,0.528634,0.,0.713656,0.669565,0.628205,0.712281,0.634981,0.69962,0.680672,0.606695
0.655367,0.622222,0.668605,0.702222,0.678733,0.675258,0.60479,0.631902,0.615854,0.658879,0.663317,0.713656,0.,0.125984,0.779661,0.77459,0.614286,0.669903,0.648352,0.675
0.615385,0.568306,0.627119,0.646018,0.615385,0.610256,0.588571,0.622093,0.622857,0.6,0.592965,0.669565,0.125984,0.,0.749164,0.748,0.59447,0.666667,0.638743,0.618812
0.736486,0.684932,0.75,0.691131,0.687117,0.711475,0.686833,0.770548,0.739583,0.652866,0.664452,0.628205,0.779661,0.749164,0.,0.376866,0.604575,0.600683,0.640569,0.649832
0.684874,0.708,0.7173,0.69395,0.69395,0.68254,0.631111,0.726496,0.698276,0.654275,0.678295,0.712281,0.77459,0.748,0.376866,0.,0.524194,0.482609,0.585903,0.650794
0.561321,0.636364,0.62963,0.640152,0.629771,0.638655,0.469388,0.599034,0.572816,0.555102,0.635246,0.634981,0.614286,0.59447,0.604575,0.524194,0.,0.630522,0.645022,0.66129
0.641509,0.663677,0.690141,0.674419,0.598361,0.617117,0.585,0.655172,0.615,0.657371,0.649573,0.69962,0.669903,0.666667,0.600683,0.482609,0.630522,0.,0.337079,0.555046
0.673469,0.608247,0.678947,0.697095,0.66383,0.645631,0.542857,0.661202,0.646739,0.67382,0.595122,0.680672,0.648352,0.638743,0.640569,0.585903,0.645022,0.337079,0.,0.440217
0.59799,0.555,0.608247,0.635246,0.6125,0.62037,0.550265,0.625,0.625641,0.573913,0.524038,0.606695,0.675,0.618812,0.649832,0.650794,0.66129,0.555046,0.440217,0.
0.,0.177778,0.216867,0.284211,0.298969,0.49635,0.496241,0.554839,0.543624,0.488722,0.492308,0.627119,0.605405,0.698925,0.66,0.661692,0.744048,0.59887,0.54386,0.59322,0.616766,0.70614,0.760766
0.177778,0.,0.216867,0.284211,0.298969,0.507246,0.496241,0.564103,0.553333,0.488722,0.48062,0.619318,0.612903,0.705882,0.653266,0.655,0.728916,0.541176,0.59322,0.59322,0.608434,0.70614,0.754808
0.216867,0.216867,0.,0.207317,0.22619,0.48,0.479339,0.555556,0.543478,0.471074,0.448276,0.615854,0.648045,0.701149,0.652406,0.654255,0.741935,0.643275,0.645349,0.645349,0.603896,0.720183,0.760204
0.284211,0.284211,0.207317,0.,0.255319,0.423077,0.469231,0.440559,0.423358,0.461538,0.464567,0.533333,0.61828,0.638418,0.630769,0.632653,0.703704,0.61236,0.614525,0.614525,0.580247,0.657534,0.735294
0.298969,0.298969,0.22619,0.255319,0.,0.382812,0.488722,0.557692,0.546667,0.481203,0.472868,0.605714,0.607527,0.664835,0.613402,0.615385,0.730539,0.601124,0.603352,0.603352,0.567901,0.684444,0.731707
0.49635,0.507246,0.48,0.423077,0.382812,0.,0.52439,0.513967,0.50289,0.553571,0.591716,0.553299,0.522168,0.600985,0.564815,0.56682,0.661376,0.571429,0.566502,0.566502,0.555556,0.630081,0.713675
0.496241,0.496241,0.479339,0.469231,0.488722,0.52439,0.,0.266667,0.21831,0.257353,0.453333,0.5,0.522613,0.544503,0.524272,0.52657,0.672043,0.621359,0.623188,0.629808,0.609375,0.56087,0.733906
0.554839,0.564103,0.555556,0.440559,0.557692,0.513967,0.266667,0.,0.0629371,0.348101,0.511628,0.446154,0.485714,0.497512,0.509091,0.511312,0.631313,0.612613,0.608108,0.61435,0.594203,0.449782,0.718876
0.543624,0.553333,0.543478,0.423358,0.546667,0.50289,0.21831,0.0629371,0.,0.317881,0.490909,0.450262,0.490291,0.479381,0.513889,0.516129,0.632124,0.619266,0.614679,0.621005,0.600985,0.480349,0.721311
0.488722,0.488722,0.471074,0.461538,0.481203,0.553571,0.257353,0.348101,0.317881,0.,0.381944,0.549223,0.546798,0.554404,0.533654,0.535885,0.637363,0.58209,0.577114,0.584158,0.55914,0.530973,0.690265
0.492308,0.48062,0.448276,0.464567,0.472868,0.591716,0.453333,0.511628,0.490909,0.381944,0.,0.61809,0.571429,0.565445,0.5,0.502488,0.721053,0.634146,0.635922,0.635922,0.615789,0.64876,0.734783
0.627119,0.619318,0.615854,0.533333,0.605714,0.553299,0.5,0.446154,0.450262,0.549223,0.61809,0.,0.559829,0.604348,0.577869,0.579592,0.681818,0.631799,0.639004,0.633333,0.616071,0.544747,0.738806
0.605405,0.612903,0.648045,0.61828,0.607527,0.522168,0.522613,0.485714,0.490291,0.546798,0.571429,0.559829,0.,0.605809,0.557769,0.553785,0.679654,0.569038,0.564854,0.570833,0.580786,0.543071,0.70696
0.698925,0.705882,0.701149,0.638418,0.664835,0.600985,0.544503,0.497512,0.479381,0.554404,0.565445,0.604348,0.605809,0.,0.502164,0.50431,0.655814,0.652893,0.64876,0.654321,0.632743,0.581749,0.703846
0.66,0.653266,0.652406,0.630769,0.613402,0.564815,0.524272,0.509091,0.513889,0.533654,0.5,0.577869,0.557769,0.502164,0.,0.00534759,0.682008,0.640927,0.642308,0.642308,0.627049,0.580071,0.712766
0.661692,0.655,0.654255,0.632653,0.615385,0.56682,0.52657,0.511312,0.516129,0.535885,0.502488,0.579592,0.553785,0.50431,0.00534759,0.,0.683333,0.642308,0.643678,0.643678,0.628571,0.58156,0.713781
0.744048,0.728916,0.741935,0.703704,0.730539,0.661376,0.672043,0.631313,0.632124,0.637363,0.721053,0.681818,0.679654,0.655814,0.682008,0.683333,0.,0.463542,0.474227,0.474227,0.411429,0.525862,0.646018
0.59887,0.541176,0.643275,0.61236,0.601124,0.571429,0.621359,0.612613,0.619266,0.58209,0.634146,0.631799,0.569038,0.652893,0.640927,0.642308,0.463542,0.,0.0751445,0.0751445,0.113772,0.359307,0.515152
0.54386,0.59322,0.645349,0.614525,0.603352,0.566502,0.623188,0.608108,0.614679,0.577114,0.635922,0.639004,0.564854,0.64876,0.642308,0.643678,0.474227,0.0751445,0.,0.0693642,0.119048,0.354978,0.517241
0.59322,0.59322,0.645349,0.614525,0.603352,0.566502,0.629808,0.61435,0.621005,0.584158,0.635922,0.633333,0.570833,0.654321,0.642308,0.643678,0.474227,0.0751445,0.0693642,0.,0.119048,0.362069,0.504348
0.616766,0.608434,0.603896,0.580247,0.567901,0.555556,0.609375,0.594203,0.600985,0.55914,0.615789,0.616071,0.580786,0.632743,0.627049,0.628571,0.411429,0.113772,0.119048,0.119048,0.,0.316279,0.476636
0.70614,0.70614,0.720183,0.657534,0.684444,0.630081,0.56087,0.449782,0.480349,0.530973,0.64876,0.544747,0.543071,0.581749,0.580071,0.58156,0.525862,0.359307,0.354978,0.362069,0.316279,0.,0.571429
0.760766,0.754808,0.760204,0.735294,0.731707,0.713675,0.733906,0.718876,0.721311,0.690265,0.734783,0.738806,0.70696,0.703846,0.712766,0.713781,0.646018,0.515152,0.517241,0.504348,0.476636,0.571429,0.
0.,0.33913,0.325359,0.618852,0.734848,0.676724,0.672598,0.697674,0.696078
0.33913,0.,0.160377,0.521569,0.619926,0.548117,0.659091,0.624204,0.681682
0.325359,0.160377,0.,0.506494,0.580913,0.478261,0.634409,0.644068,0.665574
0.618852,0.521569,0.506494,0.,0.575758,0.526829,0.666667,0.665517,0.659864
0.734848,0.619926,0.580913,0.575758,0.,0.383784,0.617424,0.628571,0.665529
0.676724,0.548117,0.478261,0.526829,0.383784,0.,0.555556,0.572,0.561265
0.672598,0.659091,0.634409,0.666667,0.617424,0.555556,0.,0.0945946,0.365019
0.697674,0.624204,0.644068,0.665517,0.628571,0.572,0.0945946,0.,0.413428
0.696078,0.681682,0.665574,0.659864,0.665529,0.561265,0.365019,0.413428,0.
0.,0.342593,0.423077,0.420561,0.387931,0.471154,0.55,0.55,0.591549,0.540323,0.552,0.530612,0.634328,0.550847,0.488,0.6,0.587156,0.490741,0.642857,0.643836,0.585938,0.613793,0.547619,0.563636,0.595041,0.554688,0.545455,0.495798,0.692308,0.610738,0.48855,0.48855,0.571429,0.575949,0.605556,0.70922,0.671795,0.607527,0.570588,0.54375,0.576471,0.623116,0.546763
0.342593,0.,0.228916,0.272727,0.282828,0.246914,0.419753,0.419753,0.547619,0.46729,0.481481,0.503759,0.639344,0.54717,0.407407,0.550459,0.51087,0.395604,0.581967,0.596899,0.610169,0.616541,0.54386,0.5,0.542857,0.564103,0.510417,0.427184,0.653465,0.633094,0.504132,0.504132,0.593496,0.594595,0.607143,0.740458,0.712766,0.640449,0.604938,0.56,0.602484,0.65445,0.576923
0.423077,0.228916,0.,0.308642,0.385417,0.328947,0.472973,0.472973,0.622951,0.553398,0.567308,0.453782,0.575472,0.472527,0.397959,0.462366,0.394737,0.341772,0.495238,0.530973,0.539216,0.579832,0.49,0.384615,0.449438,0.485149,0.439024,0.384615,0.576471,0.6,0.462963,0.462963,0.563636,0.580882,0.648148,0.695652,0.702857,0.672515,0.63871,0.613793,0.653846,0.684783,0.571429
0.420561,0.272727,0.308642,0.,0.202247,0.409639,0.383562,0.383562,0.593496,0.533333,0.533333,0.557252,0.607143,0.5,0.485981,0.534653,0.451219,0.341463,0.630252,0.664062,0.587156,0.629921,0.568807,0.458824,0.525773,0.576577,0.471264,0.43299,0.645161,0.625954,0.5,0.5,0.594828,0.605634,0.634146,0.739837,0.73913,0.666667,0.632911,0.598639,0.603896,0.672043,0.58871
0.387931,0.282828,0.385417,0.202247,0.,0.421053,0.47191,0.47191,0.56391,0.504348,0.504348,0.5,0.661538,0.578947,0.52459,0.581197,0.55,0.444444,0.649254,0.659574,0.578512,0.618705,0.561983,0.397849,0.481132,0.545455,0.533981,0.454545,0.601942,0.605634,0.488,0.488,0.574803,0.578947,0.584795,0.718518,0.663102,0.611111,0.573171,0.535948,0.54375,0.612565,0.580882
0.471154,0.246914,0.328947,0.409639,0.421053,0.,0.229508,0.229508,0.531532,0.434783,0.451613,0.579365,0.672727,0.574468,0.416667,0.57732,0.5375,0.405063,0.528846,0.54955,0.702703,0.71875,0.66055,0.609195,0.642857,0.654545,0.648352,0.536082,0.711111,0.731343,0.612069,0.612069,0.70339,0.685315,0.70303,0.781513,0.752809,0.686391,0.653595,0.609929,0.633333,0.704918,0.690476
0.55,0.419753,0.472973,0.383562,0.47191,0.229508,0.,0.,0.553398,0.470588,0.470588,0.68,0.68,0.571429,0.531915,0.606742,0.528571,0.376812,0.637255,0.651376,0.72549,0.760331,0.705882,0.628205,0.662921,0.686275,0.670732,0.561798,0.708861,0.752,0.638889,0.638889,0.724771,0.711111,0.734177,0.809091,0.790698,0.723926,0.693878,0.651852,0.673611,0.747191,0.741667
0.55,0.419753,0.472973,0.383562,0.47191,0.229508,0.,0.,0.553398,0.470588,0.470588,0.68,0.68,0.571429,0.531915,0.606742,0.528571,0.376812,0.637255,0.651376,0.72549,0.760331,0.705882,0.628205,0.662921,0.686275,0.670732,0.561798,0.708861,0.752,0.638889,0.638889,0.724771,0.711111,0.734177,0.809091,0.790698,0.723926,0.693878,0.651852,0.673611,0.747191,0.741667
0.591549,0.547619,0.622951,0.593496,0.56391,0.531532,0.553398,0.553398,0.,0.318182,0.186275,0.690476,0.673759,0.653846,0.601449,0.532787,0.683333,0.596639,0.697987,0.705128,0.678571,0.734568,0.692308,0.704,0.661538,0.678322,0.688,0.603053,0.76378,0.705521,0.644295,0.644295,0.697987,0.64497,0.664921,0.776316,0.691542,0.623037,0.588571,0.554878,0.578035,0.637255,0.743902
0.540323,0.46729,0.553398,0.533333,0.504348,0.434783,0.470588,0.470588,0.318182,0.,0.175824,0.677632,0.717557,0.643478,0.57377,0.644068,0.623762,0.52,0.69403,0.702128,0.723077,0.751678,0.707692,0.663551,0.675214,0.692308,0.693694,0.573913,0.722222,0.745098,0.664234,0.664234,0.713235,0.719512,0.717391,0.772059,0.729167,0.629214,0.592593,0.575163,0.63253,0.664948,0.727891
0.552,0.481481,0.567308,0.533333,0.504348,0.451613,0.470588,0.470588,0.186275,0.175824,0.,0.686275,0.717557,0.643478,0.585366,0.655462,0.637255,0.534653,0.713235,0.72028,0.723077,0.76,0.717557,0.663551,0.663793,0.682171,0.693694,0.573913,0.722222,0.745098,0.664234,0.664234,0.713235,0.719512,0.724324,0.781022,0.715789,0.636872,0.601227,0.584416,0.640719,0.658031,0.727891
0.530612,0.503759,0.453782,0.557252,0.5,0.579365,0.68,0.68,0.690476,0.677632,0.686275,0.,0.473684,0.381356,0.328,0.544776,0.55,0.524194,0.5,0.517007,0.584507,0.601266,0.539568,0.564516,0.571429,0.556338,0.615385,0.547445,0.626984,0.624242,0.556291,0.556291,0.618421,0.6,0.543011,0.644295,0.618812,0.576531,0.538889,0.520468,0.552486,0.57971,0.62963
0.634328,0.639344,0.575472,0.607143,0.661538,0.672727,0.68,0.68,0.673759,0.717557,0.717557,0.473684,0.,0.224719,0.339623,0.39604,0.397727,0.453608,0.512605,0.554688,0.645161,0.685315,0.629032,0.657407,0.646552,0.634921,0.613208,0.616667,0.640777,0.671233,0.619403,0.619403,0.659091,0.641026,0.530864,0.591667,0.663043,0.663043,0.630952,0.616352,0.58642,0.668367,0.705479
0.550847,0.54717,0.472527,0.5,0.578947,0.574468,0.571429,0.571429,0.653846,0.643478,0.643478,0.381356,0.224719,0.,0.197802,0.404255,0.324675,0.337349,0.457944,0.508621,0.607143,0.656489,0.589286,0.585106,0.605769,0.608696,0.548387,0.54717,0.593407,0.671533,0.558333,0.558333,0.636364,0.630137,0.596273,0.610619,0.670455,0.655172,0.620253,0.594595,0.581699,0.675532,0.669173
0.488,0.407407,0.397959,0.485981,0.52459,0.416667,0.531915,0.531915,0.601449,0.57377,0.585366,0.328,0.339623,0.197802,0.,0.458716,0.452632,0.340426,0.408696,0.447154,0.640625,0.652778,0.592,0.614679,0.618644,0.609375,0.59633,0.542373,0.635514,0.666667,0.56391,0.56391,0.634328,0.628931,0.564706,0.643411,0.666667,0.615385,0.578313,0.551282,0.540373,0.630769,0.655172
0.6,0.550459,0.462366,0.534653,0.581197,0.57732,0.606742,0.606742,0.532787,0.644068,0.655462,0.544776,0.39604,0.404255,0.458716,0.,0.272727,0.329412,0.543103,0.584,0.558559,0.636364,0.566372,0.557895,0.553398,0.573913,0.536842,0.537037,0.516854,0.622222,0.54918,0.54918,0.603306,0.56338,0.571429,0.5625,0.632184,0.616279,0.576923,0.537931,0.526667,0.647059,0.678832
0.587156,0.51087,0.394737,0.451219,0.55,0.5375,0.528571,0.528571,0.683333,0.623762,0.637255,0.55,0.397727,0.324675,0.452632,0.272727,0.,0.166667,0.576923,0.619469,0.623762,0.68595,0.617647,0.512821,0.577778,0.598039,0.525,0.526882,0.43662,0.690476,0.594595,0.594595,0.654545,0.673913,0.651613,0.556701,0.668712,0.652174,0.613793,0.595588,0.62069,0.689266,0.677686
0.490741,0.395604,0.341772,0.341463,0.444444,0.405063,0.376812,0.376812,0.596639,0.52,0.534653,0.524194,0.453608,0.337349,0.340426,0.329412,0.166667,0.,0.559633,0.589744,0.642202,0.6875,0.623853,0.529412,0.572917,0.592593,0.573034,0.463158,0.5,0.681818,0.552632,0.552632,0.646552,0.638298,0.593548,0.607477,0.662722,0.596273,0.551724,0.518519,0.548611,0.630682,0.669291
0.642857,0.581967,0.495238,0.630252,0.649254,0.528846,0.637255,0.637255,0.697987,0.69403,0.713235,0.5,0.512605,0.457944,0.408696,0.543103,0.576923,0.559633,0.,0.0990099,0.684211,0.682432,0.627907,0.666667,0.677419,0.633588,0.683761,0.637795,0.732759,0.686275,0.618705,0.618705,0.676259,0.664634,0.631285,0.705882,0.715736,0.702564,0.675978,0.672515,0.659091,0.686275,0.701987
0.643836,0.596899,0.530973,0.664062,0.659574,0.54955,0.651376,0.651376,0.705128,0.702128,0.72028,0.517007,0.554688,0.508621,0.447154,0.584,0.619469,0.589744,0.0990099,0.,0.711268,0.690323,0.649635,0.699187,0.69697,0.635036,0.714286,0.649254,0.76,0.701863,0.639456,0.639456,0.693878,0.664706,0.632432,0.731034,0.714286,0.707921,0.682796,0.679775,0.666667,0.685714,0.708861
0.585938,0.610169,0.539216,0.587156,0.578512,0.702703,0.72549,0.72549,0.678571,0.723077,0.723077,0.584507,0.645161,0.607143,0.640625,0.558559,0.623762,0.642202,0.684211,0.711268,0.,0.382609,0.25,0.375,0.296703,0.440367,0.489583,0.561404,0.606061,0.238532,0.366071,0.366071,0.333333,0.478261,0.54321,0.495495,0.589595,0.589595,0.547771,0.496552,0.58125,0.658031,0.625
0.613793,0.616541,0.579832,0.629921,0.618705,0.71875,0.760331,0.760331,0.734568,0.751678,0.76,0.601266,0.685315,0.656489,0.652778,0.636364,0.68595,0.6875,0.682432,0.690323,0.382609,0.,0.192308,0.490741,0.464912,0.48,0.601695,0.616541,0.683333,0.47482,0.528986,0.528986,0.522727,0.571429,0.623656,0.625,0.632124,0.653061,0.652174,0.616279,0.672043,0.665072,0.655844
0.547619,0.54386,0.49,0.568807,0.561983,0.66055,0.705882,0.705882,0.692308,0.707692,0.717557,0.539568,0.629032,0.589286,0.592,0.566372,0.617647,0.623853,0.627907,0.649635,0.25,0.192308,0.,0.370787,0.364583,0.377358,0.515152,0.54386,0.613861,0.396694,0.458333,0.458333,0.447368,0.547945,0.6,0.567797,0.648352,0.648352,0.614458,0.571429,0.636905,0.640625,0.6
0.563636,0.5,0.384615,0.458824,0.397849,0.609195,0.628205,0.628205,0.704,0.663551,0.663551,0.564516,0.657407,0.585106,0.614679,0.557895,0.512821,0.529412,0.666667,0.699187,0.375,0.490741,0.370787,0.,0.216216,0.484536,0.394737,0.483871,0.402778,0.504425,0.53211,0.53211,0.509804,0.635036,0.693252,0.641509,0.7,0.707602,0.677419,0.655172,0.708861,0.717391,0.586207
0.595041,0.542857,0.449438,0.525773,0.481132,0.642857,0.662921,0.662921,0.661538,0.675214,0.663793,0.571429,0.646552,0.605769,0.618644,0.553398,0.577778,0.572917,0.677419,0.69697,0.296703,0.464912,0.364583,0.216216,0.,0.5,0.423529,0.485149,0.523256,0.426087,0.504348,0.504348,0.481481,0.588652,0.644578,0.631579,0.653179,0.676136,0.64375,0.610738,0.674847,0.701571,0.603175
0.554688,0.564103,0.485149,0.576577,0.545455,0.654545,0.686275,0.686275,0.678322,0.692308,0.682171,0.556338,0.634921,0.608696,0.609375,0.573913,0.598039,0.592593,0.633588,0.635036,0.440367,0.48,0.377358,0.484536,0.5,0.,0.539216,0.551724,0.621359,0.526316,0.491935,0.491935,0.483051,0.563758,0.596491,0.586777,0.637363,0.644809,0.627219,0.603774,0.616766,0.546961,0.585185
0.545455,0.510417,0.439024,0.471264,0.533981,0.648352,0.670732,0.670732,0.688,0.693694,0.693694,0.615385,0.613208,0.548387,0.59633,0.536842,0.525,0.573034,0.683761,0.714286,0.489583,0.601695,0.515152,0.394737,0.423529,0.539216,0.,0.478723,0.590361,0.575,0.553571,0.553571,0.533333,0.620438,0.704819,0.66055,0.732955,0.747191,0.722222,0.703947,0.704403,0.734043,0.59322
0.495798,0.427184,0.384615,0.43299,0.454545,0.536082,0.561798,0.561798,0.603053,0.573913,0.573913,0.547445,0.616667,0.54717,0.542373,0.537037,0.526882,0.463158,0.637795,0.649254,0.561404,0.616541,0.54386,0.483871,0.485149,0.551724,0.478723,0.,0.64,0.613139,0.540323,0.540323,0.604839,0.594595,0.639535,0.710938,0.712766,0.684783,0.654762,0.615385,0.660714,0.668394,0.619403
0.692308,0.653465,0.576471,0.645161,0.601942,0.711111,0.708861,0.708861,0.76378,0.722222,0.722222,0.626984,0.640777,0.593407,0.635514,0.516854,0.43662,0.5,0.732759,0.76,0.606061,0.683333,0.613861,0.402778,0.523256,0.621359,0.590361,0.64,0.,0.688,0.686441,0.686441,0.663636,0.744828,0.716049,0.552083,0.690909,0.690909,0.657718,0.642857,0.707792,0.716667,0.707317
0.610738,0.633094,0.6,0.625954,0.605634,0.731343,0.752,0.752,0.705521,0.745098,0.745098,0.624242,0.671233,0.671533,0.666667,0.622222,0.690476,0.681818,0.686275,0.701863,0.238532,0.47482,0.396694,0.504425,0.426087,0.526316,0.575,0.613139,0.688,0.,0.228814,0.228814,0.172727,0.34965,0.431138,0.492188,0.516484,0.516484,0.46988,0.521212,0.545977,0.609756,0.625806
0.48855,0.504132,0.462963,0.5,0.488,0.612069,0.638889,0.638889,0.644295,0.664234,0.664234,0.556291,0.619403,0.558333,0.56391,0.54918,0.594595,0.552632,0.618705,0.639456,0.366071,0.528986,0.458333,0.53211,0.504348,0.491935,0.553571,0.540323,0.686441,0.228814,0.,0.,0.117647,0.226562,0.367742,0.466667,0.525424,0.482558,0.429487,0.464052,0.44586,0.584615,0.621622
0.48855,0.504132,0.462963,0.5,0.488,0.612069,0.638889,0.638889,0.644295,0.664234,0.664234,0.556291,0.619403,0.558333,0.56391,0.54918,0.594595,0.552632,0.618705,0.639456,0.366071,0.528986,0.458333,0.53211,0.504348,0.491935,0.553571,0.540323,0.686441,0.228814,0.,0.,0.117647,0.226562,0.367742,0.466667,0.525424,0.482558,0.429487,0.464052,0.44586,0.584615,0.621622
0.571429,0.593496,0.563636,0.594828,0.574803,0.70339,0.724771,0.724771,0.697987,0.713235,0.713235,0.618421,0.659091,0.636364,0.634328,0.603306,0.654545,0.646552,0.676259,0.693878,0.333333,0.522727,0.447368,0.509804,0.481481,0.483051,0.533333,0.604839,0.663636,0.172727,0.117647,0.117647,0.,0.315385,0.419355,0.428571,0.554286,0.537572,0.490446,0.525974,0.515723,0.632653,0.609929
0.575949,0.594595,0.580882,0.605634,0.578947,0.685315,0.711111,0.711111,0.64497,0.719512,0.719512,0.6,0.641026,0.630137,0.628931,0.56338,0.673913,0.638298,0.664634,0.664706,0.478261,0.571429,0.547945,0.635036,0.588652,0.563758,0.620438,0.594595,0.744828,0.34965,0.226562,0.226562,0.315385,0.,0.4,0.554795,0.468085,0.451613,0.488889,0.502857,0.477528,0.597222,0.68
0.605556,0.607143,0.648148,0.634146,0.584795,0.70303,0.734177,0.734177,0.664921,0.717391,0.724324,0.543011,0.530864,0.596273,0.564706,0.571429,0.651613,0.593548,0.631285,0.632432,0.54321,0.623656,0.6,0.693252,0.644578,0.596491,0.704819,0.639535,0.716049,0.431138,0.367742,0.367742,0.419355,0.4,0.,0.51875,0.475728,0.437811,0.389189,0.443243,0.420213,0.524664,0.695431
0.70922,0.740458,0.695652,0.739837,0.718518,0.781513,0.809091,0.809091,0.776316,0.772059,0.781022,0.644295,0.591667,0.610619,0.643411,0.5625,0.556701,0.607477,0.705882,0.731034,0.495495,0.625,0.567797,0.641509,0.631579,0.586777,0.66055,0.710938,0.552083,0.492188,0.466667,0.466667,0.428571,0.554795,0.51875,0.,0.541667,0.524096,0.473333,0.54,0.469799,0.609626,0.738255
0.671795,0.712766,0.702857,0.73913,0.663102,0.752809,0.790698,0.790698,0.691542,0.729167,0.715789,0.618812,0.663043,0.670455,0.666667,0.632184,0.668712,0.662722,0.715736,0.714286,0.589595,0.632124,0.648352,0.7,0.653179,0.637363,0.732955,0.712766,0.690909,0.516484,0.525424,0.525424,0.554286,0.468085,0.475728,0.541667,0.,0.331606,0.37234,0.466321,0.451777,0.515419,0.725962
0.607527,0.640449,0.672515,0.666667,0.611111,0.686391,0.723926,0.723926,0.623037,0.629214,0.636872,0.576531,0.663043,0.655172,0.615385,0.616279,0.652174,0.596273,0.702564,0.707921,0.589595,0.653061,0.648352,0.707602,0.676136,0.644809,0.747191,0.684783,0.690909,0.516484,0.482558,0.482558,0.537572,0.451613,0.437811,0.524096,0.331606,0.,0.0993789,0.308571,0.342391,0.38756,0.738095
0.570588,0.604938,0.63871,0.632911,0.573171,0.653595,0.693878,0.693878,0.588571,0.592593,0.601227,0.538889,0.630952,0.620253,0.578313,0.576923,0.613793,0.551724,0.675978,0.682796,0.547771,0.652174,0.614458,0.677419,0.64375,0.627219,0.722222,0.654762,0.657718,0.46988,0.429487,0.429487,0.490446,0.488889,0.389189,0.473333,0.37234,0.0993789,0.,0.238994,0.289941,0.362245,0.723077
0.54375,0.56,0.613793,0.598639,0.535948,0.609929,0.651852,0.651852,0.554878,0.575163,0.584416,0.520468,0.616352,0.594595,0.551282,0.537931,0.595588,0.518519,0.672515,0.679775,0.496552,0.616279,0.571429,0.655172,0.610738,0.603774,0.703947,0.615385,0.642857,0.521212,0.464052,0.464052,0.525974,0.502857,0.443243,0.54,0.466321,0.308571,0.238994,0.,0.377907,0.413265,0.708108
0.576471,0.602484,0.653846,0.603896,0.54375,0.633333,0.673611,0.673611,0.578035,0.63253,0.640719,0.552486,0.58642,0.581699,0.540373,0.526667,0.62069,0.548611,0.659091,0.666667,0.58125,0.672043,0.636905,0.708861,0.674847,0.616766,0.704403,0.660714,0.707792,0.545977,0.44586,0.44586,0.515723,0.477528,0.420213,0.469799,0.451777,0.342391,0.289941,0.377907,0.,0.4689,0.728205
0.623116,0.65445,0.684783,0.672043,0.612565,0.704918,0.747191,0.747191,0.637255,0.664948,0.658031,0.57971,0.668367,0.675532,0.630769,0.647059,0.689266,0.630682,0.686275,0.685714,0.658031,0.665072,0.640625,0.717391,0.701571,0.546961,0.734043,0.668394,0.716667,0.609756,0.584615,0.584615,0.632653,0.597222,0.524664,0.609626,0.515419,0.38756,0.362245,0.413265,0.4689,0.,0.721461
0.546763,0.576923,0.571429,0.58871,0.580882,0.690476,0.741667,0.741667,0.743902,0.727891,0.727891,0.62963,0.705479,0.669173,0.655172,0.678832,0.677686,0.669291,0.701987,0.708861,0.625,0.655844,0.6,0.586207,0.603175,0.585185,0.59322,0.619403,0.707317,0.625806,0.621622,0.621622,0.609929,0.68,0.695431,0.738255,0.725962,0.738095,0.723077,0.708108,0.728205,0.721461,0.
0.,0.369492
0.369492,0.
0.,0.235294,0.394309,0.434555,0.482609,0.459459,0.497462,0.537383,0.556701,0.572139,0.571429,0.59116,0.563158,0.645,0.572093,0.618519,0.614232,0.588679,0.653846,0.543624,0.494024,0.533333,0.507519,0.501873,0.552529,0.606178,0.605263,0.555556,0.571429,0.545082,0.542169,0.616197,0.619217,0.665354,0.662745,0.636364,0.618474,0.621399,0.538745,0.636364,0.623256,0.625,0.634361,0.644898,0.620536,0.647826,0.603865,0.649306,0.58952,0.58952,0.637097,0.614407,0.673759,0.652482,0.610236,0.690583,0.674897,0.638767,0.5625,0.661355,0.720379,0.730159,0.751381,0.639594,0.690722,0.686486,0.664948,0.682464,0.693878,0.676471,0.685185,0.683486,0.683486,0.683721,0.690821,0.684211,0.688442,0.695431,0.7109,0.748792,0.599034,0.649038,0.666667,0.625668,0.682243,0.64186,0.641148,0.649533,0.665236,0.621005,0.706897,0.7,0.684685,0.680365,0.571429,0.65748,0.610256,0.606557,0.617925,0.617021,0.551724,0.505495,0.510753,0.517241,0.57619,0.598039
0.235294,0.,0.278431,0.475556,0.476744,0.486275,0.553191,0.554656,0.56,0.573276,0.554622,0.62212,0.559091,0.659574,0.567347,0.591216,0.567474,0.568493,0.583554,0.496855,0.492857,0.507143,0.494881,0.489796,0.519573,0.568905,0.554007,0.553191,0.567474,0.522222,0.525362,0.567213,0.574257,0.646643,0.644366,0.625442,0.594203,0.616788,0.493151,0.678715,0.650794,0.640927,0.648855,0.637681,0.637066,0.645038,0.640816,0.625397,0.588462,0.588462,0.590406,0.625926,0.625,0.605263,0.561594,0.677165,0.629214,0.642308,0.586873,0.657244,0.744,0.754386,0.778281,0.677966,0.726496,0.724444,0.705128,0.706827,0.712446,0.697095,0.693227,0.6917,0.6917,0.697211,0.698347,0.692623,0.702128,0.708154,0.730924,0.773279,0.642276,0.662551,0.689956,0.668142,0.690763,0.645161,0.639004,0.635246,0.645038,0.632411,0.687023,0.685824,0.671937,0.662651,0.584746,0.639576,0.648069,0.659193,0.630081,0.678261,0.62963,0.589286,0.585903,0.5625,0.611336,0.641975
0.394309,0.278431,0.,0.488,0.46595,0.474638,0.605948,0.589928,0.619231,0.629214,0.611722,0.653226,0.614173,0.643411,0.591241,0.634441,0.626911,0.614679,0.591584,0.504373,0.501639,0.5,0.498423,0.493711,0.577287,0.571429,0.514852,0.523333,0.537459,0.52381,0.555556,0.525,0.563077,0.629508,0.627451,0.609836,0.613115,0.638158,0.487261,0.690647,0.646209,0.612903,0.610714,0.611486,0.633803,0.607143,0.647059,0.577508,0.543478,0.543478,0.53169,0.585366,0.579937,0.561128,0.545455,0.66065,0.612457,0.614286,0.572954,0.665595,0.716912,0.758755,0.78,0.675573,0.709302,0.717131,0.694981,0.69708,0.745318,0.721612,0.703571,0.702128,0.702128,0.707143,0.708487,0.703297,0.721804,0.727273,0.723636,0.761905,0.663043,0.686131,0.711538,0.697674,0.696751,0.665468,0.689531,0.685714,0.673469,0.690722,0.688581,0.664311,0.66065,0.67148,0.648352,0.631922,0.674242,0.690196,0.66187,0.711027,0.676,0.634241,0.614786,0.623188,0.659574,0.677536
0.434555,0.475556,0.488,0.,0.477064,0.459716,0.5,0.466321,0.586021,0.59375,0.626214,0.5125,0.528736,0.588889,0.571429,0.661654,0.657795,0.610895,0.67507,0.586441,0.57874,0.530864,0.498024,0.492126,0.59127,0.554622,0.525,0.670498,0.677903,0.65873,0.653696,0.627737,0.670251,0.717131,0.714286,0.693227,0.590517,0.623377,0.558935,0.692683,0.652174,0.652778,0.6621,0.659574,0.66055,0.657534,0.68599,0.632353,0.576744,0.576744,0.604348,0.652174,0.621622,0.640449,0.639676,0.726852,0.673913,0.741379,0.673913,0.744094,0.759804,0.767956,0.784884,0.692708,0.73262,0.730337,0.726316,0.757143,0.792929,0.722222,0.710145,0.708134,0.708134,0.708738,0.717172,0.71,0.715789,0.723404,0.743842,0.777778,0.655172,0.705882,0.693989,0.651685,0.725962,0.70283,0.740566,0.746544,0.738197,0.710407,0.730942,0.723982,0.714953,0.728972,0.6875,0.677551,0.634409,0.6,0.633663,0.595376,0.592814,0.575419,0.617021,0.55102,0.62439,0.661692
0.482609,0.476744,0.46595,0.477064,0.,0.333333,0.363184,0.593496,0.509524,0.518519,0.539474,0.538071,0.535885,0.630631,0.515284,0.609589,0.61512,0.601375,0.597855,0.558642,0.582759,0.503676,0.506944,0.50173,0.631757,0.602837,0.520147,0.611888,0.61512,0.583942,0.565217,0.57047,0.619672,0.65704,0.649819,0.645161,0.619048,0.661818,0.530822,0.658228,0.617647,0.579167,0.576764,0.579767,0.632,0.612903,0.6,0.598007,0.546939,0.546939,0.545098,0.615385,0.556738,0.580756,0.559702,0.673469,0.639847,0.684615,0.65019,0.66787,0.742739,0.747706,0.784038,0.668142,0.689498,0.716279,0.702222,0.709544,0.780591,0.699571,0.690083,0.688525,0.688525,0.688797,0.700855,0.694915,0.716157,0.722467,0.71308,0.746781,0.659751,0.707819,0.704036,0.64486,0.670886,0.651452,0.716599,0.722222,0.69697,0.691406,0.699219,0.68254,0.678862,0.696356,0.654167,0.56705,0.648889,0.641509,0.658436,0.64977,0.629808,0.59447,0.551402,0.631148,0.633745,0.665272
0.459459,0.486275,0.474638,0.459716,0.333333,0.,0.473934,0.616327,0.492611,0.516588,0.531532,0.595,0.602804,0.572115,0.552174,0.609756,0.610526,0.606272,0.590164,0.535032,0.503704,0.490566,0.478417,0.473118,0.59364,0.566667,0.513109,0.571429,0.57554,0.594096,0.600719,0.565068,0.59661,0.648148,0.645756,0.650909,0.624535,0.652985,0.544828,0.647826,0.623932,0.608333,0.61157,0.601562,0.615702,0.62449,0.630435,0.597973,0.521186,0.521186,0.555556,0.588,0.576512,0.6,0.564394,0.691358,0.640625,0.691406,0.651163,0.678832,0.729614,0.745283,0.746269,0.663636,0.703704,0.700483,0.686636,0.722689,0.752212,0.713043,0.691983,0.684874,0.684874,0.685106,0.714286,0.702586,0.713004,0.719457,0.704348,0.733333,0.643777,0.699153,0.700461,0.658768,0.666667,0.635193,0.680851,0.6875,0.667984,0.666667,0.669388,0.668033,0.663866,0.665254,0.626087,0.599237,0.674107,0.655502,0.681818,0.675926,0.630542,0.580952,0.543269,0.654321,0.657025,0.689076
0.497462,0.553191,0.605948,0.5,0.363184,0.473934,0.,0.520202,0.479532,0.482955,0.526316,0.53125,0.554286,0.589888,0.520619,0.64751,0.653846,0.653992,0.679775,0.633663,0.596078,0.606299,0.582707,0.587361,0.635659,0.625,0.628906,0.618474,0.616601,0.604167,0.6,0.618519,0.616541,0.630901,0.622318,0.645833,0.65,0.670886,0.622711,0.612565,0.591837,0.595122,0.592233,0.607143,0.583333,0.594203,0.613402,0.658182,0.597222,0.597222,0.623377,0.629464,0.611765,0.631179,0.618257,0.626263,0.63964,0.662037,0.588785,0.655319,0.697917,0.705882,0.736196,0.637363,0.662857,0.688235,0.672222,0.690355,0.744681,0.641304,0.646154,0.64467,0.64467,0.64433,0.650538,0.643617,0.661111,0.668539,0.673684,0.708108,0.601036,0.647668,0.643678,0.563636,0.649485,0.633166,0.673367,0.681373,0.683258,0.637681,0.679245,0.639024,0.64,0.668317,0.59375,0.560538,0.573864,0.540373,0.607143,0.554217,0.531646,0.491018,0.531429,0.60199,0.61194,0.649746
0.537383,0.554656,0.589928,0.466321,0.593496,0.616327,0.520202,0.,0.494565,0.505263,0.544118,0.551724,0.56383,0.604167,0.517073,0.634686,0.640741,0.610487,0.654696,0.609677,0.574144,0.594697,0.535316,0.540441,0.569767,0.550607,0.573643,0.611538,0.625468,0.63035,0.62069,0.659794,0.653846,0.639676,0.637097,0.620968,0.619433,0.628099,0.621053,0.637681,0.611374,0.61991,0.629464,0.629167,0.64,0.643172,0.618357,0.66436,0.638298,0.638298,0.654619,0.65,0.636029,0.624088,0.643411,0.649533,0.648305,0.657895,0.648305,0.688976,0.697561,0.704918,0.725714,0.634021,0.664894,0.666667,0.645503,0.690476,0.741294,0.665,0.649038,0.647619,0.647619,0.647343,0.653266,0.646766,0.65625,0.663158,0.681373,0.72,0.606796,0.657005,0.632432,0.596685,0.652174,0.62381,0.661905,0.669767,0.66087,0.634703,0.65,0.648402,0.630332,0.650943,0.613527,0.620408,0.543478,0.5,0.542714,0.587912,0.560694,0.538043,0.550265,0.53202,0.597156,0.63285
0.556701,0.56,0.619231,0.586021,0.509524,0.492611,0.479532,0.494565,0.,0.0692308,0.153846,0.377778,0.440789,0.412162,0.415205,0.646586,0.631148,0.664032,0.676385,0.646259,0.598361,0.614754,0.600775,0.605364,0.594142,0.568282,0.562232,0.555066,0.57265,0.642553,0.643154,0.588933,0.580645,0.507389,0.497537,0.569444,0.683761,0.688596,0.646617,0.552326,0.555556,0.545455,0.550265,0.590476,0.570681,0.589744,0.520468,0.657795,0.593137,0.593137,0.58216,0.620853,0.637097,0.65625,0.565611,0.553672,0.555556,0.570681,0.638095,0.623853,0.631579,0.630872,0.652482,0.567901,0.584416,0.591837,0.60625,0.632768,0.682635,0.607143,0.582857,0.573864,0.573864,0.572254,0.592814,0.577381,0.602484,0.610063,0.586826,0.614907,0.548571,0.607955,0.543046,0.486301,0.544379,0.528736,0.532544,0.537572,0.57513,0.569892,0.549451,0.530726,0.502924,0.511765,0.42236,0.607306,0.549383,0.510204,0.610811,0.564103,0.478873,0.496815,0.435065,0.612565,0.623037,0.63388
0.572139,0.573276,0.629214,0.59375,0.518519,0.516588,0.482955,0.505263,0.0692308,0.,0.193333,0.397163,0.455696,0.43871,0.420455,0.640316,0.625,0.652344,0.67147,0.645485,0.598394,0.608871,0.590038,0.594697,0.6,0.581197,0.563025,0.549784,0.561181,0.635983,0.631148,0.578125,0.575397,0.495146,0.485437,0.563636,0.676471,0.681035,0.640741,0.553672,0.556757,0.546875,0.551546,0.590698,0.571429,0.59,0.531073,0.651685,0.593301,0.593301,0.589041,0.626728,0.636364,0.65,0.572687,0.554945,0.55665,0.57868,0.637209,0.617117,0.630682,0.620915,0.668919,0.577381,0.59375,0.619355,0.630952,0.639344,0.687861,0.590643,0.567416,0.558659,0.558659,0.573034,0.576471,0.561404,0.60241,0.609756,0.587209,0.614458,0.57377,0.622951,0.563291,0.490066,0.545977,0.522472,0.534483,0.539326,0.575758,0.570681,0.558511,0.52459,0.497143,0.531073,0.446429,0.613333,0.568047,0.532468,0.617801,0.565217,0.513333,0.518293,0.469136,0.612245,0.615385,0.632979
0.571429,0.554622,0.611722,0.626214,0.539474,0.531532,0.526316,0.544118,0.153846,0.193333,0.,0.458065,0.505814,0.435583,0.47644,0.647727,0.638462,0.678967,0.675978,0.625,0.59144,0.628352,0.614545,0.618705,0.592885,0.591837,0.585657,0.567901,0.572581,0.649402,0.639216,0.582707,0.580153,0.518349,0.509174,0.6,0.698413,0.697959,0.652482,0.591623,0.585859,0.582524,0.586538,0.620087,0.584541,0.615023,0.570681,0.672598,0.617117,0.617117,0.606061,0.647826,0.643939,0.666667,0.584034,0.591837,0.583333,0.570732,0.633929,0.626609,0.670157,0.666667,0.695652,0.615385,0.632184,0.640719,0.65,0.628272,0.644068,0.641711,0.618557,0.610256,0.610256,0.61658,0.629032,0.614973,0.646409,0.653631,0.631016,0.657459,0.587629,0.634021,0.596491,0.548193,0.592593,0.57732,0.543478,0.532258,0.581731,0.577114,0.594059,0.563452,0.554974,0.532258,0.434286,0.628692,0.508772,0.568862,0.642157,0.613636,0.54321,0.553672,0.491329,0.636364,0.645933,0.656716
0.59116,0.62212,0.653226,0.5125,0.538071,0.595,0.53125,0.551724,0.377778,0.397163,0.458065,0.,0.20339,0.333333,0.36,0.694561,0.679487,0.690377,0.760116,0.700348,0.645299,0.621145,0.666667,0.670588,0.704167,0.689956,0.663793,0.699571,0.707113,0.721739,0.731092,0.692913,0.697211,0.623762,0.627451,0.654028,0.671362,0.701422,0.711538,0.608696,0.625731,0.58046,0.585227,0.624366,0.652174,0.655914,0.583851,0.708661,0.635417,0.635417,0.642157,0.649746,0.662393,0.71371,0.654378,0.649123,0.661538,0.680851,0.707921,0.70283,0.685535,0.683824,0.700787,0.610738,0.640845,0.641791,0.662162,0.684848,0.72549,0.642857,0.640244,0.654762,0.646707,0.638037,0.636364,0.636943,0.639456,0.648276,0.664557,0.697368,0.58642,0.650307,0.597122,0.548148,0.635802,0.625,0.640244,0.650888,0.670213,0.668508,0.657303,0.632184,0.616766,0.618182,0.550633,0.672986,0.571429,0.530303,0.635294,0.536765,0.507812,0.554795,0.5,0.666667,0.655367,0.660714
0.563158,0.559091,0.614173,0.528736,0.535885,0.602804,0.554286,0.56383,0.440789,0.455696,0.505814,0.20339,0.,0.416667,0.4,0.690476,0.676113,0.676,0.744382,0.696667,0.654619,0.615063,0.674157,0.677778,0.699605,0.691358,0.650206,0.684426,0.697211,0.705394,0.709677,0.689139,0.698113,0.642202,0.645455,0.63964,0.650224,0.672727,0.687732,0.640449,0.625,0.590426,0.594737,0.603865,0.663317,0.646465,0.625698,0.70412,0.634146,0.634146,0.659091,0.672897,0.64898,0.688716,0.646288,0.675532,0.677725,0.696078,0.714286,0.70354,0.695402,0.720779,0.737931,0.652695,0.68125,0.684211,0.666667,0.715847,0.754386,0.672515,0.668508,0.681081,0.673913,0.666667,0.666667,0.674286,0.670732,0.679012,0.698864,0.729412,0.61236,0.647727,0.634615,0.592105,0.679558,0.66129,0.668508,0.677419,0.666667,0.671795,0.640212,0.645503,0.624309,0.640884,0.588571,0.645455,0.601227,0.567568,0.648649,0.543624,0.51773,0.56875,0.555556,0.649215,0.645503,0.642458
0.645,0.659574,0.643411,0.588889,0.630631,0.572115,0.589888,0.604167,0.412162,0.43871,0.435583,0.333333,0.416667,0.,0.502857,0.703557,0.7,0.709804,0.756983,0.685811,0.623967,0.629167,0.640927,0.645038,0.676113,0.672269,0.652893,0.648305,0.657025,0.719008,0.728,0.661538,0.66537,0.593301,0.597156,0.630137,0.688596,0.722467,0.723636,0.666667,0.685864,0.630208,0.634021,0.665116,0.693069,0.702439,0.673913,0.730627,0.682464,0.682464,0.691964,0.694444,0.668016,0.740601,0.666667,0.664865,0.668269,0.653061,0.717593,0.718062,0.684211,0.72549,0.725352,0.664671,0.685535,0.671141,0.687117,0.691011,0.713415,0.699422,0.686813,0.691892,0.684783,0.677778,0.693642,0.693182,0.674847,0.675,0.680233,0.70303,0.653846,0.696133,0.656051,0.605263,0.668539,0.657609,0.602339,0.597701,0.628866,0.625668,0.629032,0.612022,0.61236,0.547619,0.515152,0.696035,0.56051,0.551724,0.637363,0.566667,0.5625,0.607362,0.567901,0.707071,0.704082,0.690217
0.572093,0.567347,0.591241,0.571429,0.515284,0.552174,0.520619,0.517073,0.415205,0.420455,0.47644,0.36,0.4,0.502857,0.,0.671533,0.652985,0.672727,0.682192,0.642173,0.596958,0.612167,0.619217,0.623239,0.582031,0.569106,0.546185,0.618677,0.622137,0.648438,0.653992,0.593407,0.585821,0.546256,0.54386,0.622951,0.681102,0.706349,0.651568,0.62,0.626794,0.582938,0.580189,0.483568,0.636364,0.633484,0.585859,0.657244,0.640693,0.640693,0.605932,0.617391,0.63806,0.650909,0.624,0.63285,0.621145,0.648649,0.645022,0.659836,0.675127,0.694915,0.700599,0.62234,0.646409,0.647399,0.63388,0.674877,0.713542,0.633508,0.596939,0.59596,0.59596,0.594872,0.59893,0.592593,0.6,0.606742,0.64433,0.691099,0.521053,0.583333,0.563953,0.49697,0.614213,0.556122,0.582474,0.592965,0.467005,0.57767,0.44385,0.571429,0.556122,0.564103,0.558974,0.530973,0.568306,0.535714,0.600985,0.514793,0.452229,0.443787,0.44186,0.589372,0.578431,0.60101
