0.,0.54185
0.54185,0.
0.
0.,0.00564972
0.00564972,0.
0.,0.178571,0.203704,0.387097,0.264151,0.610169,0.607143
0.178571,0.,0.173077,0.338983,0.363636,0.571429,0.566038
0.203704,0.173077,0.,0.277778,0.425926,0.636364,0.520833
0.387097,0.338983,0.277778,0.,0.482759,0.655172,0.54902
0.264151,0.363636,0.425926,0.482759,0.,0.510638,0.565217
0.610169,0.571429,0.636364,0.655172,0.510638,0.,0.486486
0.607143,0.566038,0.520833,0.54902,0.565217,0.486486,0.
0.,0.345133,0.514925,0.494253
0.345133,0.,0.517007,0.584906
0.514925,0.517007,0.,0.627119
0.494253,0.584906,0.627119,0.
0.,0.503268,0.605505
0.503268,0.,0.566667
0.605505,0.566667,0.
0.,0.45,0.508197,0.508197,0.424528
0.45,0.,0.27193,0.27193,0.330275
0.508197,0.27193,0.,0.0176991,0.40458
0.508197,0.27193,0.0176991,0.,0.40458
0.424528,0.330275,0.40458,0.40458,0.
0.,0.22,0.225,0.533333,0.5625
0.22,0.,0.4,0.454545,0.557143
0.225,0.4,0.,0.616438,0.59322
0.533333,0.454545,0.616438,0.,0.644444
0.5625,0.557143,0.59322,0.644444,0.
0.,0.364444,0.366379,0.505791,0.744027,0.482072,0.669039,0.615385,0.652015,0.713805
0.364444,0.,0.315175,0.430605,0.721212,0.505155,0.687117,0.653061,0.672956,0.698507
0.366379,0.315175,0.,0.184739,0.744928,0.547231,0.705015,0.634228,0.683891,0.700581
0.505791,0.430605,0.184739,0.,0.6875,0.594427,0.685294,0.607383,0.630435,0.653846
0.744027,0.721212,0.744928,0.6875,0.,0.49481,0.582781,0.697368,0.672956,0.607029
0.482072,0.505155,0.547231,0.594427,0.49481,0.,0.6,0.663399,0.677812,0.626911
0.669039,0.687117,0.705015,0.685294,0.582781,0.6,0.,0.694805,0.563758,0.631579
0.615385,0.653061,0.634228,0.607383,0.697368,0.663399,0.694805,0.,0.554745,0.571429
0.652015,0.672956,0.683891,0.630435,0.672956,0.677812,0.563758,0.554745,0.,0.650155
0.713805,0.698507,0.700581,0.653846,0.607029,0.626911,0.631579,0.571429,0.650155,0.
0.,0.656371
0.656371,0.
0.,0.350943,0.39749,0.676375
0.350943,0.,0.27,0.65704
0.39749,0.27,0.,0.663866
0.676375,0.65704,0.663866,0.
0.,0.566667
0.566667,0.
0.
0.,0.216495,0.366667,0.366667,0.336449,0.342593,0.342593,0.5,0.461538,0.55814,0.65,0.622807,0.576271,0.580357,0.568807,0.465347,0.44898,0.488889,0.517857,0.539216,0.590164,0.487395,0.466019,0.610619,0.566038,0.494737,0.53211,0.591667,0.622449,0.630435,0.6,0.5,0.625,0.664557,0.644444,0.539326,0.345238,0.601626
0.216495,0.,0.36,0.36,0.235849,0.242991,0.242991,0.40708,0.425,0.522727,0.595745,0.556522,0.512605,0.513274,0.513514,0.392157,0.373737,0.457447,0.451327,0.509434,0.516393,0.463415,0.508929,0.639344,0.587719,0.524272,0.555556,0.609375,0.654206,0.663366,0.619469,0.550847,0.641667,0.650307,0.676768,0.581633,0.408602,0.607692
0.366667,0.36,0.,0.,0.264463,0.256198,0.256198,0.414062,0.393939,0.373134,0.546053,0.45082,0.461538,0.635714,0.627737,0.491935,0.539683,0.564103,0.511278,0.596899,0.60274,0.517483,0.592593,0.6875,0.647059,0.6,0.59854,0.651007,0.715385,0.725806,0.683824,0.507692,0.66187,0.619318,0.737705,0.661157,0.525862,0.675325
0.366667,0.36,0.,0.,0.264463,0.256198,0.256198,0.414062,0.393939,0.373134,0.546053,0.45082,0.461538,0.635714,0.627737,0.491935,0.539683,0.564103,0.511278,0.596899,0.60274,0.517483,0.592593,0.6875,0.647059,0.6,0.59854,0.651007,0.715385,0.725806,0.683824,0.507692,0.66187,0.619318,0.737705,0.661157,0.525862,0.675325
0.336449,0.235849,0.264463,0.264463,0.,0.0103093,0.0103093,0.238095,0.283186,0.4,0.485075,0.401869,0.36036,0.581967,0.559322,0.435185,0.490909,0.453608,0.363636,0.557522,0.55814,0.552239,0.578512,0.694656,0.616667,0.559633,0.608,0.634328,0.669643,0.691589,0.647059,0.592,0.656,0.575949,0.692308,0.601942,0.438776,0.632353
0.342593,0.242991,0.256198,0.256198,0.0103093,0.,0.,0.228571,0.274336,0.392,0.477612,0.392523,0.351351,0.585366,0.563025,0.440367,0.495495,0.459184,0.369369,0.561404,0.561538,0.555556,0.581967,0.69697,0.619835,0.563636,0.611111,0.637037,0.672566,0.694444,0.65,0.595238,0.65873,0.56962,0.695238,0.605769,0.444444,0.635036
0.342593,0.242991,0.256198,0.256198,0.0103093,0.,0.,0.228571,0.274336,0.392,0.477612,0.392523,0.351351,0.585366,0.563025,0.440367,0.495495,0.459184,0.369369,0.561404,0.561538,0.555556,0.581967,0.69697,0.619835,0.563636,0.611111,0.637037,0.672566,0.694444,0.65,0.595238,0.65873,0.56962,0.695238,0.605769,0.444444,0.635036
0.5,0.40708,0.414062,0.414062,0.238095,0.228571,0.228571,0.,0.401709,0.443548,0.456693,0.36,0.317308,0.556522,0.570175,0.38,0.393939,0.428571,0.383178,0.555556,0.579365,0.527559,0.526786,0.655738,0.641026,0.571429,0.584746,0.646154,0.697248,0.67,0.637168,0.579832,0.647059,0.556291,0.722772,0.695238,0.596154,0.579365
0.461538,0.425,0.393939,0.393939,0.283186,0.274336,0.274336,0.401709,0.,0.421875,0.373016,0.441441,0.385965,0.622047,0.529915,0.431193,0.5,0.509804,0.431034,0.589744,0.627737,0.609929,0.55,0.669231,0.645161,0.617391,0.635659,0.65942,0.698276,0.672897,0.674797,0.598425,0.671875,0.506579,0.778761,0.609524,0.551402,0.703448
0.55814,0.522727,0.373134,0.373134,0.4,0.392,0.392,0.443548,0.421875,0.,0.524476,0.357798,0.442623,0.639098,0.651515,0.525,0.57377,0.563636,0.507937,0.653543,0.604317,0.567376,0.625954,0.693431,0.701493,0.658537,0.661765,0.70068,0.702479,0.678571,0.679688,0.626866,0.592,0.587879,0.789916,0.654867,0.587719,0.715232
0.65,0.595745,0.546053,0.546053,0.485075,0.477612,0.477612,0.456693,0.373016,0.524476,0.,0.417391,0.292035,0.606061,0.574803,0.512397,0.560976,0.54955,0.496063,0.619048,0.641379,0.624161,0.634328,0.671533,0.708029,0.6875,0.678571,0.723684,0.75,0.698276,0.725926,0.635036,0.693431,0.560976,0.814516,0.779528,0.708661,0.737179
0.622807,0.556522,0.45082,0.45082,0.401869,0.392523,0.392523,0.36,0.441441,0.357798,0.417391,0.,0.287234,0.579439,0.580952,0.442105,0.505155,0.426829,0.425743,0.594059,0.552632,0.521368,0.614679,0.660714,0.705357,0.64,0.669565,0.724409,0.72,0.706522,0.703704,0.590909,0.675676,0.630872,0.776596,0.731959,0.666667,0.72093
0.576271,0.512605,0.461538,0.461538,0.36036,0.351351,0.351351,0.317308,0.385965,0.442623,0.292035,0.287234,0.,0.544643,0.53211,0.377551,0.44,0.372093,0.380952,0.5,0.592,0.5625,0.553571,0.647059,0.655172,0.586538,0.610169,0.669231,0.688679,0.673469,0.675439,0.568965,0.649573,0.612903,0.776699,0.711538,0.638095,0.676692
0.580357,0.513274,0.635714,0.635714,0.581967,0.585366,0.585366,0.556522,0.622047,0.639098,0.606061,0.579439,0.544643,0.,0.410526,0.5,0.484536,0.421687,0.436893,0.484211,0.46789,0.504274,0.556604,0.592593,0.558824,0.5,0.577982,0.561404,0.617021,0.640449,0.489362,0.504762,0.553398,0.662338,0.728261,0.670213,0.604167,0.642276
0.568807,0.513514,0.627737,0.627737,0.559322,0.563025,0.563025,0.570175,0.529915,0.651515,0.574803,0.580952,0.53211,0.410526,0.,0.5,0.484211,0.358974,0.42,0.515789,0.423077,0.477876,0.557692,0.645455,0.515464,0.448276,0.509804,0.536364,0.604396,0.560976,0.581633,0.490196,0.54,0.681818,0.733333,0.659341,0.56044,0.610169
0.465347,0.392157,0.491935,0.491935,0.435185,0.440367,0.440367,0.38,0.431193,0.525,0.512397,0.442105,0.377551,0.5,0.5,0.,0.118421,0.306667,0.347368,0.390805,0.570175,0.459459,0.344444,0.52,0.598039,0.511111,0.519608,0.632479,0.645161,0.623529,0.62,0.514563,0.632075,0.653333,0.744444,0.67033,0.602151,0.630252
0.44898,0.373737,0.539683,0.539683,0.490909,0.495495,0.495495,0.393939,0.5,0.57377,0.560976,0.505155,0.44,0.484536,0.484211,0.118421,0.,0.324324,0.412371,0.388235,0.545455,0.444444,0.302326,0.489583,0.571429,0.494253,0.489796,0.598214,0.617977,0.592593,0.59375,0.5,0.621359,0.655405,0.72093,0.643678,0.573034,0.608696
0.488889,0.457447,0.564103,0.564103,0.453608,0.459184,0.459184,0.428571,0.509804,0.563636,0.54955,0.426829,0.372093,0.421687,0.358974,0.306667,0.324324,0.,0.357143,0.364865,0.484211,0.49505,0.452381,0.597826,0.52381,0.402778,0.5,0.575758,0.554054,0.515152,0.548781,0.44186,0.534884,0.692857,0.676056,0.583333,0.479452,0.574257
0.517857,0.451327,0.511278,0.511278,0.363636,0.369369,0.369369,0.383178,0.431034,0.507937,0.496063,0.425743,0.380952,0.436893,0.42,0.347368,0.412371,0.357143,0.,0.533981,0.388889,0.483333,0.504673,0.641026,0.46,0.473684,0.553571,0.586777,0.526882,0.545455,0.51,0.535714,0.619469,0.55102,0.734694,0.68,0.60396,0.651163
0.539216,0.509434,0.596899,0.596899,0.557522,0.561404,0.561404,0.555556,0.589744,0.653543,0.619048,0.594059,0.5,0.484211,0.515789,0.390805,0.388235,0.364865,0.533981,0.,0.598214,0.601695,0.494737,0.607843,0.587629,0.511628,0.564356,0.6,0.636364,0.6125,0.610526,0.558824,0.637255,0.74359,0.695122,0.597561,0.55814,0.546296
0.590164,0.516393,0.60274,0.60274,0.55814,0.561538,0.561538,0.579365,0.627737,0.604317,0.641379,0.552632,0.592,0.46789,0.423077,0.570175,0.545455,0.484211,0.388889,0.598214,0.,0.336283,0.605042,0.690476,0.431373,0.459184,0.513274,0.54918,0.510417,0.589474,0.564815,0.571429,0.65,0.688623,0.72549,0.71028,0.626168,0.656716
0.487395,0.463415,0.517483,0.517483,0.552239,0.555556,0.555556,0.527559,0.609929,0.567376,0.624161,0.521368,0.5625,0.504274,0.477876,0.459459,0.444444,0.49505,0.483333,0.601695,0.336283,0.,0.525424,0.626984,0.588235,0.5,0.414414,0.619403,0.651786,0.685185,0.674797,0.504202,0.671875,0.702857,0.745455,0.730435,0.663793,0.647482
0.466019,0.508929,0.592593,0.592593,0.578512,0.581967,0.581967,0.526786,0.55,0.625954,0.634328,0.614679,0.553571,0.556604,0.557692,0.344444,0.302326,0.452381,0.504673,0.494737,0.605042,0.525424,0.,0.284091,0.554455,0.494505,0.504854,0.594828,0.62766,0.588235,0.60396,0.514286,0.62963,0.668831,0.73913,0.652174,0.585106,0.605042
0.610619,0.639344,0.6875,0.6875,0.694656,0.69697,0.69697,0.655738,0.669231,0.693431,0.671533,0.660714,0.647059,0.592593,0.645455,0.52,0.489583,0.597826,0.641026,0.607843,0.690476,0.626984,0.284091,0.,0.681818,0.64,0.621622,0.704,0.707071,0.647727,0.679245,0.603604,0.663636,0.716981,0.802083,0.731959,0.653061,0.710938
0.566038,0.587719,0.647059,0.647059,0.616667,0.619835,0.619835,0.641026,0.645161,0.701493,0.708029,0.705357,0.655172,0.558824,0.515464,0.598039,0.571429,0.52381,0.46,0.587629,0.431373,0.588235,0.554455,0.681818,0.,0.22973,0.391304,0.364583,0.402597,0.459459,0.448276,0.584906,0.634615,0.673333,0.658537,0.643678,0.604396,0.632479
0.494737,0.524272,0.6,0.6,0.559633,0.563636,0.563636,0.571429,0.617391,0.658537,0.6875,0.64,0.586538,0.5,0.448276,0.511111,0.494253,0.402778,0.473684,0.511628,0.459184,0.5,0.494505,0.64,0.22973,0.,0.2625,0.337079,0.438356,0.541667,0.5,0.53125,0.585106,0.707483,0.616438,0.602564,0.54321,0.561905
0.53211,0.555556,0.59854,0.59854,0.608,0.611111,0.611111,0.584746,0.635659,0.661765,0.678571,0.669565,0.610169,0.577982,0.509804,0.519608,0.489796,0.5,0.553571,0.564356,0.513274,0.414414,0.504854,0.621622,0.391304,0.2625,0.,0.443396,0.56044,0.597701,0.584158,0.563636,0.598131,0.698113,0.674157,0.659574,0.578947,0.588235
0.591667,0.609375,0.651007,0.651007,0.634328,0.637037,0.637037,0.646154,0.65942,0.70068,0.723684,0.724409,0.669231,0.561404,0.536364,0.632479,0.598214,0.575758,0.586777,0.6,0.54918,0.619403,0.594828,0.704,0.364583,0.337079,0.443396,0.,0.6,0.649485,0.566038,0.608333,0.641026,0.698795,0.717172,0.636364,0.628571,0.638462
0.622449,0.654206,0.715385,0.715385,0.669643,0.672566,0.672566,0.697248,0.698276,0.702479,0.75,0.72,0.688679,0.617021,0.604396,0.645161,0.617977,0.554054,0.526882,0.636364,0.510417,0.651786,0.62766,0.707071,0.402597,0.438356,0.56044,0.6,0.,0.327586,0.405405,0.642857,0.611111,0.661765,0.569231,0.577465,0.533333,0.675926
0.630435,0.663366,0.725806,0.725806,0.691589,0.694444,0.694444,0.67,0.672897,0.678571,0.698276,0.706522,0.673469,0.640449,0.560976,0.623529,0.592593,0.515152,0.545455,0.6125,0.589474,0.685185,0.588235,0.647727,0.459459,0.541667,0.597701,0.649485,0.327586,0.,0.42029,0.574713,0.531646,0.669231,0.6,0.539683,0.492537,0.686275
0.6,0.619469,0.683824,0.683824,0.647059,0.65,0.65,0.637168,0.674797,0.679688,0.725926,0.703704,0.675439,0.489362,0.581633,0.62,0.59375,0.548781,0.51,0.610526,0.564815,0.674797,0.60396,0.679245,0.448276,0.5,0.584158,0.566038,0.405405,0.42029,0.,0.55,0.477778,0.519084,0.636364,0.56962,0.547619,0.663793
0.5,0.550847,0.507692,0.507692,0.592,0.595238,0.595238,0.579832,0.598425,0.626866,0.635036,0.590909,0.568965,0.504762,0.490196,0.514563,0.5,0.44186,0.535714,0.558824,0.571429,0.504202,0.514286,0.603604,0.584906,0.53125,0.563636,0.608333,0.642857,0.574713,0.55,0.,0.347826,0.660256,0.736842,0.680412,0.572917,0.629032
0.625,0.641667,0.66187,0.66187,0.656,0.65873,0.65873,0.647059,0.671875,0.592,0.693431,0.675676,0.649573,0.553398,0.54,0.632075,0.621359,0.534884,0.619469,0.637255,0.65,0.671875,0.62963,0.663636,0.634615,0.585106,0.598131,0.641026,0.611111,0.531646,0.477778,0.347826,0.,0.641892,0.697674,0.651685,0.534091,0.65
0.664557,0.650307,0.619318,0.619318,0.575949,0.56962,0.56962,0.556291,0.506579,0.587879,0.560976,0.630872,0.612903,0.662338,0.681818,0.653333,0.655405,0.692857,0.55102,0.74359,0.688623,0.702857,0.668831,0.716981,0.673333,0.707483,0.698113,0.698795,0.661765,0.669231,0.519084,0.660256,0.641892,0.,0.801418,0.753521,0.680851,0.741379
0.644444,0.676768,0.737705,0.737705,0.692308,0.695238,0.695238,0.722772,0.778761,0.789916,0.814516,0.776596,0.776699,0.728261,0.733333,0.744444,0.72093,0.676056,0.734694,0.695122,0.72549,0.745455,0.73913,0.802083,0.658537,0.616438,0.674157,0.717172,0.569231,0.6,0.636364,0.736842,0.697674,0.801418,0.,0.603175,0.507692,0.72549
0.539326,0.581633,0.661157,0.661157,0.601942,0.605769,0.605769,0.695238,0.609524,0.654867,0.779528,0.731959,0.711538,0.670213,0.659341,0.67033,0.643678,0.583333,0.68,0.597561,0.71028,0.730435,0.652174,0.731959,0.643678,0.602564,0.659574,0.636364,0.577465,0.539683,0.56962,0.680412,0.651685,0.753521,0.603175,0.,0.359375,0.71028
0.345238,0.408602,0.525862,0.525862,0.438776,0.444444,0.444444,0.596154,0.551402,0.587719,0.708661,0.666667,0.638095,0.604167,0.56044,0.602151,0.573034,0.479452,0.60396,0.55814,0.626168,0.663793,0.585106,0.653061,0.604396,0.54321,0.578947,0.628571,0.533333,0.492537,0.547619,0.572917,0.534091,0.680851,0.507692,0.359375,0.,0.626168
0.601626,0.607692,0.675325,0.675325,0.632353,0.635036,0.635036,0.579365,0.703448,0.715232,0.737179,0.72093,0.676692,0.642276,0.610169,0.630252,0.608696,0.574257,0.651163,0.546296,0.656716,0.647482,0.605042,0.710938,0.632479,0.561905,0.588235,0.638462,0.675926,0.686275,0.663793,0.629032,0.65,0.741379,0.72549,0.71028,0.626168,0.
0.,0.287582,0.335616,0.389474,0.354839,0.415205,0.484663,0.354167,0.403974,0.38172,0.541667,0.514563,0.655367,0.615385,0.736486,0.684874,0.561321,0.641509,0.673469,0.59799
0.287582,0.,0.408805,0.41206,0.42,0.438889,0.587912,0.50303,0.523529,0.511962,0.388889,0.387755,0.622222,0.568306,0.684932,0.708,0.636364,0.663677,0.608247,0.555
0.335616,0.408805,0.,0.507538,0.515,0.476744,0.566265,0.438356,0.473684,0.487047,0.550802,0.5,0.668605,0.627119,0.75,0.7173,0.62963,0.690141,0.678947,0.608247
0.389474,0.41206,0.507538,0.,0.4,0.406863,0.606481,0.515306,0.567961,0.508403,0.596639,0.56,0.702222,0.646018,0.691131,0.69395,0.640152,0.674419,0.697095,0.635246
0.354839,0.42,0.515,0.4,0.,0.414634,0.586854,0.468421,0.517588,0.442982,0.522124,0.571429,0.678733,0.615385,0.687117,0.69395,0.629771,0.598361,0.66383,0.6125
0.415205,0.438889,0.476744,0.406863,0.414634,0.,0.562162,0.419753,0.505747,0.518519,0.548544,0.568282,0.675258,0.610256,0.711475,0.68254,0.638655,0.617117,0.645631,0.62037
0.484663,0.587912,0.566265,0.606481,0.586854,0.562162,0.,0.410959,0.437086,0.458333,0.582474,0.644144,0.60479,0.588571,0.686833,0.631111,0.469388,0.585,0.542857,0.550265
0.354167,0.50303,0.438356,0.515306,0.468421,0.419753,0.410959,0.,0.313433,0.454054,0.551913,0.614286,0.631902,0.622093,0.770548,0.726496,0.599034,0.655172,0.661202,0.625
0.403974,0.523529,0.473684,0.567961,0.517588,0.505747,0.437086,0.313433,0.,0.432432,0.598958,0.601896,0.615854,0.622857,0.739583,0.698276,0.572816,0.615,0.646739,0.625641
0.38172,0.511962,0.487047,0.508403,0.442982,0.518519,0.458333,0.454054,0.432432,0.,0.563319,0.533058,0.658879,0.6,0.652866,0.654275,0.555102,0.657371,0.67382,0.573913
0.541667,0.388889,0.550802,0.596639,0.522124,0.548544,0.582474,0.551913,0.598958,0.563319,0.,0.528634,0.663317,0.592965,0.664452,0.678295,0.635246,0.649573,0.595122,0.524038
0.514563,0.387755,0.5,0.56,0.571429,0.568282,0.644144,0.614286,0.601896,0.533058,0.528634,0.,0.713656,0.669565,0.628205,0.712281,0.634981,0.69962,0.680672,0.606695
0.655367,0.622222,0.668605,0.702222,0.678733,0.675258,0.60479,0.631902,0.615854,0.658879,0.663317,0.713656,0.,0.125984,0.779661,0.77459,0.614286,0.669903,0.648352,0.675
0.615385,0.568306,0.627119,0.646018,0.615385,0.610256,0.588571,0.622093,0.622857,0.6,0.592965,0.669565,0.125984,0.,0.749164,0.748,0.59447,0.666667,0.638743,0.618812
0.736486,0.684932,0.75,0.691131,0.687117,0.711475,0.686833,0.770548,0.739583,0.652866,0.664452,0.628205,0.779661,0.749164,0.,0.376866,0.604575,0.600683,0.640569,0.649832
0.684874,0.708,0.7173,0.69395,0.69395,0.68254,0.631111,0.726496,0.698276,0.654275,0.678295,0.712281,0.77459,0.748,0.376866,0.,0.524194,0.482609,0.585903,0.650794
0.561321,0.636364,0.62963,0.640152,0.629771,0.638655,0.469388,0.599034,0.572816,0.555102,0.635246,0.634981,0.614286,0.59447,0.604575,0.524194,0.,0.630522,0.645022,0.66129
0.641509,0.663677,0.690141,0.674419,0.598361,0.617117,0.585,0.655172,0.615,0.657371,0.649573,0.69962,0.669903,0.666667,0.600683,0.482609,0.630522,0.,0.337079,0.555046
0.673469,0.608247,0.678947,0.697095,0.66383,0.645631,0.542857,0.661202,0.646739,0.67382,0.595122,0.680672,0.648352,0.638743,0.640569,0.585903,0.645022,0.337079,0.,0.440217
0.59799,0.555,0.608247,0.635246,0.6125,0.62037,0.550265,0.625,0.625641,0.573913,0.524038,0.606695,0.675,0.618812,0.649832,0.650794,0.66129,0.555046,0.440217,0.
0.,0.485149,0.5,0.548077
0.485149,0.,0.274194,0.356164
0.5,0.274194,0.,0.278689
0.548077,0.356164,0.278689,0.
0.,0.671756,0.5875
0.671756,0.,0.549708
0.5875,0.549708,0.
0.,0.,0.288793,0.494845,0.523148,0.433962,0.433962,0.451163,0.451163,0.671111,0.671111
0.,0.,0.288793,0.494845,0.523148,0.433962,0.433962,0.451163,0.451163,0.671111,0.671111
0.288793,0.288793,0.,0.534247,0.556017,0.46383,0.46383,0.472574,0.472574,0.698413,0.698413
0.494845,0.494845,0.534247,0.,0.324138,0.348387,0.348387,0.352564,0.352564,0.588608,0.597484
0.523148,0.523148,0.556017,0.324138,0.,0.436464,0.436464,0.430939,0.430939,0.648649,0.648649
0.433962,0.433962,0.46383,0.348387,0.436464,0.,0.,0.0714286,0.0714286,0.47093,0.479769
0.433962,0.433962,0.46383,0.348387,0.436464,0.,0.,0.0714286,0.0714286,0.47093,0.479769
0.451163,0.451163,0.472574,0.352564,0.430939,0.0714286,0.0714286,0.,0.,0.473988,0.482759
0.451163,0.451163,0.472574,0.352564,0.430939,0.0714286,0.0714286,0.,0.,0.473988,0.482759
0.671111,0.671111,0.698413,0.588608,0.648649,0.47093,0.47093,0.473988,0.473988,0.,0.034188
0.671111,0.671111,0.698413,0.597484,0.648649,0.479769,0.479769,0.482759,0.482759,0.034188,0.
0.,0.,0.488038,0.56,0.606635,0.49505,0.662857,0.691489,0.578035,0.642857
0.,0.,0.488038,0.56,0.606635,0.49505,0.662857,0.691489,0.578035,0.642857
0.488038,0.488038,0.,0.602941,0.604444,0.485981,0.648936,0.663317,0.60733,0.615385
0.56,0.56,0.602941,0.,0.544715,0.447257,0.715517,0.713693,0.675214,0.676259
0.606635,0.606635,0.604444,0.544715,0.,0.402116,0.666667,0.688172,0.597701,0.627273
0.49505,0.49505,0.485981,0.447257,0.402116,0.,0.677596,0.704082,0.612022,0.655172
0.662857,0.662857,0.648936,0.715517,0.666667,0.677596,0.,0.141414,0.479339,0.640449
0.691489,0.691489,0.663317,0.713693,0.688172,0.704082,0.141414,0.,0.526316,0.564972
0.578035,0.578035,0.60733,0.675214,0.597701,0.612022,0.479339,0.526316,0.,0.432099
0.642857,0.642857,0.615385,0.676259,0.627273,0.655172,0.640449,0.564972,0.432099,0.
0.,0.177778,0.216867,0.284211,0.298969,0.49635,0.496241,0.554839,0.543624,0.488722,0.492308,0.627119,0.605405,0.698925,0.66,0.661692,0.744048,0.59887,0.54386,0.59322,0.616766,0.70614,0.760766
0.177778,0.,0.216867,0.284211,0.298969,0.507246,0.496241,0.564103,0.553333,0.488722,0.48062,0.619318,0.612903,0.705882,0.653266,0.655,0.728916,0.541176,0.59322,0.59322,0.608434,0.70614,0.754808
0.216867,0.216867,0.,0.207317,0.22619,0.48,0.479339,0.555556,0.543478,0.471074,0.448276,0.615854,0.648045,0.701149,0.652406,0.654255,0.741935,0.643275,0.645349,0.645349,0.603896,0.720183,0.760204
0.284211,0.284211,0.207317,0.,0.255319,0.423077,0.469231,0.440559,0.423358,0.461538,0.464567,0.533333,0.61828,0.638418,0.630769,0.632653,0.703704,0.61236,0.614525,0.614525,0.580247,0.657534,0.735294
0.298969,0.298969,0.22619,0.255319,0.,0.382812,0.488722,0.557692,0.546667,0.481203,0.472868,0.605714,0.607527,0.664835,0.613402,0.615385,0.730539,0.601124,0.603352,0.603352,0.567901,0.684444,0.731707
0.49635,0.507246,0.48,0.423077,0.382812,0.,0.52439,0.513967,0.50289,0.553571,0.591716,0.553299,0.522168,0.600985,0.564815,0.56682,0.661376,0.571429,0.566502,0.566502,0.555556,0.630081,0.713675
0.496241,0.496241,0.479339,0.469231,0.488722,0.52439,0.,0.266667,0.21831,0.257353,0.453333,0.5,0.522613,0.544503,0.524272,0.52657,0.672043,0.621359,0.623188,0.629808,0.609375,0.56087,0.733906
0.554839,0.564103,0.555556,0.440559,0.557692,0.513967,0.266667,0.,0.0629371,0.348101,0.511628,0.446154,0.485714,0.497512,0.509091,0.511312,0.631313,0.612613,0.608108,0.61435,0.594203,0.449782,0.718876
0.543624,0.553333,0.543478,0.423358,0.546667,0.50289,0.21831,0.0629371,0.,0.317881,0.490909,0.450262,0.490291,0.479381,0.513889,0.516129,0.632124,0.619266,0.614679,0.621005,0.600985,0.480349,0.721311
0.488722,0.488722,0.471074,0.461538,0.481203,0.553571,0.257353,0.348101,0.317881,0.,0.381944,0.549223,0.546798,0.554404,0.533654,0.535885,0.637363,0.58209,0.577114,0.584158,0.55914,0.530973,0.690265
0.492308,0.48062,0.448276,0.464567,0.472868,0.591716,0.453333,0.511628,0.490909,0.381944,0.,0.61809,0.571429,0.565445,0.5,0.502488,0.721053,0.634146,0.635922,0.635922,0.615789,0.64876,0.734783
0.627119,0.619318,0.615854,0.533333,0.605714,0.553299,0.5,0.446154,0.450262,0.549223,0.61809,0.,0.559829,0.604348,0.577869,0.579592,0.681818,0.631799,0.639004,0.633333,0.616071,0.544747,0.738806
0.605405,0.612903,0.648045,0.61828,0.607527,0.522168,0.522613,0.485714,0.490291,0.546798,0.571429,0.559829,0.,0.605809,0.557769,0.553785,0.679654,0.569038,0.564854,0.570833,0.580786,0.543071,0.70696
0.698925,0.705882,0.701149,0.638418,0.664835,0.600985,0.544503,0.497512,0.479381,0.554404,0.565445,0.604348,0.605809,0.,0.502164,0.50431,0.655814,0.652893,0.64876,0.654321,0.632743,0.581749,0.703846
0.66,0.653266,0.652406,0.630769,0.613402,0.564815,0.524272,0.509091,0.513889,0.533654,0.5,0.577869,0.557769,0.502164,0.,0.00534759,0.682008,0.640927,0.642308,0.642308,0.627049,0.580071,0.712766
0.661692,0.655,0.654255,0.632653,0.615385,0.56682,0.52657,0.511312,0.516129,0.535885,0.502488,0.579592,0.553785,0.50431,0.00534759,0.,0.683333,0.642308,0.643678,0.643678,0.628571,0.58156,0.713781
0.744048,0.728916,0.741935,0.703704,0.730539,0.661376,0.672043,0.631313,0.632124,0.637363,0.721053,0.681818,0.679654,0.655814,0.682008,0.683333,0.,0.463542,0.474227,0.474227,0.411429,0.525862,0.646018
0.59887,0.541176,0.643275,0.61236,0.601124,0.571429,0.621359,0.612613,0.619266,0.58209,0.634146,0.631799,0.569038,0.652893,0.640927,0.642308,0.463542,0.,0.0751445,0.0751445,0.113772,0.359307,0.515152
0.54386,0.59322,0.645349,0.614525,0.603352,0.566502,0.623188,0.608108,0.614679,0.577114,0.635922,0.639004,0.564854,0.64876,0.642308,0.643678,0.474227,0.0751445,0.,0.0693642,0.119048,0.354978,0.517241
0.59322,0.59322,0.645349,0.614525,0.603352,0.566502,0.629808,0.61435,0.621005,0.584158,0.635922,0.633333,0.570833,0.654321,0.642308,0.643678,0.474227,0.0751445,0.0693642,0.,0.119048,0.362069,0.504348
0.616766,0.608434,0.603896,0.580247,0.567901,0.555556,0.609375,0.594203,0.600985,0.55914,0.615789,0.616071,0.580786,0.632743,0.627049,0.628571,0.411429,0.113772,0.119048,0.119048,0.,0.316279,0.476636
0.70614,0.70614,0.720183,0.657534,0.684444,0.630081,0.56087,0.449782,0.480349,0.530973,0.64876,0.544747,0.543071,0.581749,0.580071,0.58156,0.525862,0.359307,0.354978,0.362069,0.316279,0.,0.571429
0.760766,0.754808,0.760204,0.735294,0.731707,0.713675,0.733906,0.718876,0.721311,0.690265,0.734783,0.738806,0.70696,0.703846,0.712766,0.713781,0.646018,0.515152,0.517241,0.504348,0.476636,0.571429,0.
0.,0.533333,0.583333,0.545455,0.545455,0.545455,0.583333,0.705882,0.821429,0.75,0.736842,0.73913,0.714286,0.714286,0.714286,0.722222,0.666667,0.75
0.533333,0.,0.642857,0.615385,0.615385,0.615385,0.642857,0.588235,0.75,0.65,0.631579,0.708333,0.55,0.55,0.55,0.611111,0.555556,0.65
0.583333,0.642857,0.,0.142857,0.142857,0.142857,0.25,0.538462,0.695652,0.625,0.6875,0.7,0.666667,0.666667,0.666667,0.571429,0.6875,0.625
0.545455,0.615385,0.142857,0.,0.,0.,0.142857,0.5,0.73913,0.6,0.666667,0.75,0.647059,0.647059,0.647059,0.538462,0.666667,0.6
0.545455,0.615385,0.142857,0.,0.,0.,0.142857,0.5,0.73913,0.6,0.666667,0.75,0.647059,0.647059,0.647059,0.538462,0.666667,0.6
0.545455,0.615385,0.142857,0.,0.,0.,0.142857,0.5,0.73913,0.6,0.666667,0.75,0.647059,0.647059,0.647059,0.538462,0.666667,0.6
0.583333,0.642857,0.25,0.142857,0.142857,0.142857,0.,0.416667,0.75,0.625,0.6875,0.761905,0.666667,0.666667,0.666667,0.571429,0.6875,0.625
0.705882,0.588235,0.538462,0.5,0.5,0.5,0.416667,0.,0.653846,0.578947,0.631579,0.652174,0.55,0.55,0.55,0.529412,0.555556,0.5
0.821429,0.75,0.695652,0.73913,0.73913,0.73913,0.75,0.653846,0.,0.538462,0.458333,0.5,0.518519,0.518519,0.518519,0.615385,0.62963,0.538462
0.75,0.65,0.625,0.6,0.6,0.6,0.625,0.578947,0.538462,0.,0.294118,0.380952,0.4,0.4,0.4,0.352941,0.55,0.5
0.736842,0.631579,0.6875,0.666667,0.666667,0.666667,0.6875,0.631579,0.458333,0.294118,0.,0.35,0.45,0.45,0.45,0.411765,0.526316,0.55
0.73913,0.708333,0.7,0.75,0.75,0.75,0.761905,0.652174,0.5,0.380952,0.35,0.,0.5,0.5,0.5,0.545455,0.5,0.583333
0.714286,0.55,0.666667,0.647059,0.647059,0.647059,0.666667,0.55,0.518519,0.4,0.45,0.5,0.,0.,0.,0.421053,0.52381,0.47619
0.714286,0.55,0.666667,0.647059,0.647059,0.647059,0.666667,0.55,0.518519,0.4,0.45,0.5,0.,0.,0.,0.421053,0.52381,0.47619
0.714286,0.55,0.666667,0.647059,0.647059,0.647059,0.666667,0.55,0.518519,0.4,0.45,0.5,0.,0.,0.,0.421053,0.52381,0.47619
0.722222,0.611111,0.571429,0.538462,0.538462,0.538462,0.571429,0.529412,0.615385,0.352941,0.411765,0.545455,0.421053,0.421053,0.421053,0.,0.5,0.444444
0.666667,0.555556,0.6875,0.666667,0.666667,0.666667,0.6875,0.555556,0.62963,0.55,0.526316,0.5,0.52381,0.52381,0.52381,0.5,0.,0.473684
0.75,0.65,0.625,0.6,0.6,0.6,0.625,0.5,0.538462,0.5,0.55,0.583333,0.47619,0.47619,0.47619,0.444444,0.473684,0.
0.,0.571429,0.606667
0.571429,0.,0.138889
0.606667,0.138889,0.
0.,0.317073,0.602649
0.317073,0.,0.568182
0.602649,0.568182,0.
0.,0.0210526,0.590278
0.0210526,0.,0.590278
0.590278,0.590278,0.
0.,0.33913,0.325359,0.618852,0.734848,0.676724,0.672598,0.697674,0.696078
0.33913,0.,0.160377,0.521569,0.619926,0.548117,0.659091,0.624204,0.681682
0.325359,0.160377,0.,0.506494,0.580913,0.478261,0.634409,0.644068,0.665574
0.618852,0.521569,0.506494,0.,0.575758,0.526829,0.666667,0.665517,0.659864
0.734848,0.619926,0.580913,0.575758,0.,0.383784,0.617424,0.628571,0.665529
0.676724,0.548117,0.478261,0.526829,0.383784,0.,0.555556,0.572,0.561265
0.672598,0.659091,0.634409,0.666667,0.617424,0.555556,0.,0.0945946,0.365019
0.697674,0.624204,0.644068,0.665517,0.628571,0.572,0.0945946,0.,0.413428
0.696078,0.681682,0.665574,0.659864,0.665529,0.561265,0.365019,0.413428,0.
0.,0.222222,0.255814,0.340426,0.487805,0.358974,0.35,0.470588,0.377778,0.454545,0.475,0.463415,0.365854,0.456522,0.44,0.520833,0.588235,0.639344,0.614035,0.589286,0.589286,0.480769,0.5,0.418605,0.5,0.456522,0.541667,0.596491,0.604651,0.439024,0.5,0.512195,0.489362,0.5625,0.685185,0.636364,0.617021,0.634146,0.608696,0.622222,0.6,0.6,0.613636,0.512195,0.444444,0.553191,0.557692,0.5625,0.565217,0.555556,0.655738,0.588235,0.584906,0.519231,0.454545,0.421053,0.442623,0.639535,0.623377,0.542857,0.651163,0.65,0.571429,0.560976,0.609756,0.727273,0.674419,0.688889,0.636364,0.731707,0.531915
0.222222,0.,0.23913,0.415094,0.553191,0.444444,0.434783,0.5,0.45098,0.54902,0.604167,0.5625,0.479167,0.46,0.472727,0.490196,0.555556,0.609375,0.559322,0.534483,0.559322,0.482143,0.5,0.355556,0.529412,0.326087,0.48,0.542373,0.653061,0.571429,0.565217,0.574468,0.574074,0.611111,0.672414,0.653061,0.634615,0.652174,0.627451,0.612245,0.62,0.62,0.66,0.574468,0.509804,0.603774,0.603448,0.584906,0.56,0.55102,0.686567,0.631579,0.603448,0.517857,0.489796,0.47619,0.446154,0.602273,0.582278,0.540541,0.72,0.723404,0.642857,0.617021,0.6875,0.76,0.6875,0.7,0.68,0.765957,0.584906
0.255814,0.23913,0.,0.480769,0.5,0.375,0.404762,0.537037,0.391304,0.591837,0.590909,0.511628,0.488889,0.468085,0.480769,0.588235,0.648148,0.6875,0.666667,0.644068,0.644068,0.571429,0.541667,0.5,0.541667,0.5,0.634615,0.672131,0.644444,0.586957,0.512195,0.52381,0.615385,0.6,0.714286,0.673913,0.68,0.674419,0.673469,0.659574,0.666667,0.666667,0.590909,0.622222,0.55102,0.647059,0.642857,0.653846,0.632653,0.625,0.723077,0.672727,0.566038,0.528302,0.466667,0.508197,0.47619,0.627907,0.64557,0.589041,0.688889,0.690476,0.58,0.571429,0.651163,0.704545,0.681818,0.695652,0.644444,0.738095,0.6
0.340426,0.415094,0.480769,0.,0.565217,0.583333,0.571429,0.509091,0.54717,0.4,0.452381,0.477273,0.456522,0.404255,0.481481,0.557692,0.538462,0.55,0.568965,0.54386,0.54386,0.568965,0.568627,0.56,0.596154,0.5,0.54902,0.576271,0.608696,0.454545,0.511628,0.586957,0.5,0.54,0.636364,0.608696,0.5625,0.604651,0.583333,0.625,0.604167,0.604167,0.617021,0.555556,0.54902,0.588235,0.589286,0.479167,0.571429,0.591837,0.634921,0.566038,0.563636,0.578947,0.56,0.483871,0.565217,0.640449,0.571429,0.586667,0.680851,0.681818,0.603774,0.6,0.644444,0.723404,0.702128,0.714286,0.666667,0.755556,0.596154
0.487805,0.553191,0.5,0.565217,0.,0.206897,0.411765,0.625,0.475,0.486486,0.419355,0.583333,0.552632,0.525,0.5,0.627907,0.666667,0.685185,0.604167,0.632653,0.632653,0.574468,0.538462,0.486486,0.609756,0.595238,0.651163,0.740741,0.666667,0.594595,0.545455,0.515152,0.627907,0.642857,0.744681,0.666667,0.675,0.625,0.666667,0.648649,0.657895,0.657895,0.6,0.638889,0.651163,0.697674,0.6875,0.609756,0.615385,0.641026,0.703704,0.636364,0.568182,0.645833,0.564103,0.7,0.66129,0.719512,0.72973,0.676471,0.5625,0.551724,0.619048,0.433333,0.548387,0.580645,0.59375,0.575758,0.588235,0.62069,0.674419
0.358974,0.444444,0.375,0.583333,0.206897,0.,0.30303,0.521739,0.342105,0.512821,0.454545,0.567568,0.5,0.547619,0.521739,0.512195,0.622222,0.696429,0.591837,0.62,0.62,0.466667,0.447368,0.342857,0.487179,0.547619,0.604651,0.703704,0.611111,0.540541,0.484848,0.354839,0.581395,0.595238,0.702128,0.648649,0.658537,0.5625,0.615385,0.594595,0.605263,0.605263,0.542857,0.542857,0.571429,0.619048,0.645833,0.595238,0.564103,0.552632,0.690909,0.622222,0.586957,0.543478,0.432432,0.62069,0.583333,0.72619,0.736842,0.647059,0.588235,0.580645,0.571429,0.46875,0.53125,0.647059,0.617647,0.6,0.529412,0.645161,0.595238
0.35,0.434783,0.404762,0.571429,0.411765,0.30303,0.,0.541667,0.375,0.536585,0.485714,0.513514,0.361111,0.6,0.541667,0.568182,0.638298,0.660714,0.634615,0.634615,0.634615,0.55102,0.512195,0.421053,0.475,0.534884,0.590909,0.690909,0.631579,0.526316,0.470588,0.441176,0.568182,0.581395,0.714286,0.666667,0.674419,0.628571,0.634146,0.615385,0.625,0.625,0.605263,0.527778,0.52381,0.571429,0.604167,0.613636,0.651163,0.609756,0.678571,0.608696,0.511111,0.466667,0.333333,0.561404,0.55,0.717647,0.710526,0.617647,0.529412,0.516129,0.52381,0.454545,0.515152,0.666667,0.6,0.621622,0.631579,0.705882,0.644444
0.470588,0.5,0.537037,0.509091,0.625,0.521739,0.541667,0.,0.288889,0.530612,0.586957,0.632653,0.58,0.636364,0.655738,0.4375,0.48,0.57377,0.639344,0.616667,0.616667,0.54386,0.596154,0.530612,0.596154,0.584906,0.52,0.622951,0.545455,0.454545,0.439024,0.452381,0.557692,0.510204,0.584906,0.638298,0.62,0.666667,0.612245,0.653061,0.66,0.66,0.617021,0.586957,0.62963,0.56,0.661017,0.596154,0.571429,0.5625,0.69697,0.618182,0.509434,0.411765,0.363636,0.459016,0.585714,0.67033,0.625,0.623377,0.708333,0.711111,0.62963,0.6,0.673913,0.75,0.673913,0.6875,0.666667,0.755556,0.622642
0.377778,0.45098,0.391304,0.54717,0.475,0.342105,0.375,0.288889,0.,0.574468,0.571429,0.590909,0.533333,0.6,0.6,0.444444,0.489362,0.586207,0.655172,0.631579,0.631579,0.5,0.521739,0.477273,0.553191,0.571429,0.62,0.704918,0.525,0.463415,0.361111,0.378378,0.571429,0.488889,0.627451,0.627907,0.638298,0.625,0.6,0.644444,0.652174,0.652174,0.571429,0.604651,0.591837,0.632653,0.654545,0.612245,0.586957,0.577778,0.714286,0.634615,0.576923,0.538462,0.44186,0.587302,0.575758,0.711111,0.703704,0.635135,0.674419,0.675,0.591837,0.55,0.634146,0.72093,0.634146,0.681818,0.627907,0.725,0.612245
0.454545,0.54902,0.591837,0.4,0.486486,0.512821,0.536585,0.530612,0.574468,0.,0.225806,0.459459,0.435897,0.414634,0.468085,0.414634,0.465116,0.490196,0.413043,0.413043,0.446809,0.446809,0.463415,0.45,0.5,0.452381,0.511628,0.54902,0.578947,0.388889,0.5,0.513514,0.452381,0.568182,0.586957,0.578947,0.487179,0.571429,0.55,0.564103,0.538462,0.538462,0.513514,0.428571,0.511628,0.52381,0.5,0.425,0.378378,0.447368,0.48,0.428571,0.531915,0.55102,0.52381,0.526316,0.609375,0.662651,0.611111,0.588235,0.555556,0.588235,0.545455,0.485714,0.5,0.648649,0.657895,0.675,0.615385,0.722222,0.6
0.475,0.604167,0.590909,0.452381,0.419355,0.454545,0.485714,0.586957,0.571429,0.225806,0.,0.4375,0.411765,0.388889,0.488372,0.473684,0.560976,0.6,0.5,0.5,0.5,0.533333,0.4,0.428571,0.444444,0.55,0.538462,0.632653,0.575758,0.354839,0.433333,0.4,0.473684,0.564103,0.681818,0.575758,0.555556,0.464286,0.542857,0.515152,0.529412,0.529412,0.545455,0.451613,0.575,0.589744,0.590909,0.526316,0.527778,0.555556,0.62,0.525,0.52381,0.608696,0.513514,0.625,0.698413,0.731707,0.690141,0.671642,0.548387,0.481481,0.538462,0.413793,0.428571,0.612903,0.666667,0.606061,0.53125,0.655172,0.6
0.463415,0.5625,0.511628,0.477273,0.583333,0.567568,0.513514,0.632653,0.590909,0.459459,0.4375,0.,0.30303,0.421053,0.511111,0.571429,0.547619,0.588235,0.64,0.612245,0.583333,0.64,0.585366,0.575,0.585366,0.571429,0.560976,0.647059,0.515152,0.441176,0.46875,0.571429,0.536585,0.585366,0.636364,0.46875,0.457143,0.5,0.527778,0.5,0.514286,0.514286,0.484848,0.387097,0.405405,0.459459,0.47619,0.432432,0.552632,0.5,0.55102,0.435897,0.577778,0.625,0.538462,0.614035,0.666667,0.738095,0.69863,0.681159,0.53125,0.517241,0.487179,0.545455,0.466667,0.59375,0.606061,0.588235,0.558824,0.677419,0.55
0.365854,0.479167,0.488889,0.456522,0.552632,0.5,0.361111,0.58,0.533333,0.435897,0.411765,0.30303,0.,0.47619,0.489362,0.577778,0.555556,0.618182,0.615385,0.588235,0.615385,0.615385,0.55814,0.512195,0.487805,0.511628,0.5,0.596154,0.567568,0.371429,0.441176,0.540541,0.47619,0.55814,0.666667,0.605263,0.585366,0.6,0.538462,0.513514,0.526316,0.526316,0.540541,0.457143,0.463415,0.512195,0.583333,0.52381,0.595238,0.55,0.636364,0.555556,0.521739,0.541667,0.435897,0.517857,0.580645,0.705882,0.662162,0.642857,0.583333,0.575758,0.5,0.555556,0.571429,0.675676,0.611111,0.631579,0.605263,0.714286,0.590909
0.456522,0.46,0.468085,0.404255,0.525,0.547619,0.6,0.636364,0.6,0.414634,0.388889,0.421053,0.47619,0.,0.255814,0.488889,0.5625,0.596491,0.509804,0.48,0.509804,0.566038,0.428571,0.452381,0.5,0.488889,0.574468,0.6,0.642857,0.547619,0.538462,0.55,0.612245,0.625,0.692308,0.609756,0.622222,0.567568,0.581395,0.560976,0.571429,0.571429,0.585366,0.585366,0.604167,0.645833,0.641509,0.595745,0.568182,0.590909,0.661017,0.591837,0.56,0.62963,0.555556,0.596774,0.626866,0.674419,0.589041,0.605634,0.658537,0.657895,0.604167,0.564103,0.615385,0.675,0.714286,0.697674,0.642857,0.74359,0.625
0.44,0.472727,0.480769,0.481481,0.5,0.521739,0.541667,0.655738,0.6,0.468085,0.488372,0.511111,0.489362,0.255814,0.,0.584906,0.642857,0.661538,0.54386,0.54386,0.59322,0.568965,0.510204,0.434783,0.510204,0.5,0.603774,0.645161,0.666667,0.583333,0.608696,0.617021,0.584906,0.622642,0.706897,0.666667,0.647059,0.666667,0.583333,0.625,0.604167,0.604167,0.645833,0.617021,0.52,0.666667,0.637931,0.622642,0.627451,0.647059,0.634921,0.566038,0.563636,0.603448,0.56,0.575758,0.565217,0.576471,0.607595,0.485714,0.708333,0.651163,0.603774,0.630435,0.673913,0.723404,0.729167,0.714286,0.666667,0.755556,0.622642
0.520833,0.490196,0.588235,0.557692,0.627907,0.512195,0.568182,0.4375,0.444444,0.414634,0.473684,0.571429,0.577778,0.488889,0.584906,0.,0.317073,0.4,0.44898,0.416667,0.44898,0.382979,0.390244,0.333333,0.465116,0.488889,0.511111,0.6,0.609756,0.512195,0.538462,0.473684,0.553191,0.595745,0.612245,0.575,0.487805,0.567568,0.547619,0.560976,0.536585,0.536585,0.585366,0.473684,0.574468,0.586957,0.588235,0.565217,0.463415,0.45,0.589286,0.5625,0.641509,0.54902,0.488372,0.619048,0.647059,0.747253,0.679487,0.662162,0.658537,0.657895,0.604167,0.526316,0.540541,0.675,0.714286,0.697674,0.642857,0.74359,0.595745
0.588235,0.555556,0.648148,0.538462,0.666667,0.622222,0.638298,0.48,0.489362,0.465116,0.560976,0.547619,0.555556,0.5625,0.642857,0.317073,0.,0.411765,0.519231,0.490196,0.490196,0.46,0.543478,0.5,0.604167,0.431818,0.488889,0.555556,0.432432,0.324324,0.388889,0.487179,0.466667,0.477273,0.431818,0.512821,0.425,0.578947,0.487805,0.571429,0.547619,0.547619,0.560976,0.525,0.553191,0.595745,0.568627,0.477273,0.439024,0.425,0.596491,0.541667,0.648148,0.611111,0.565217,0.625,0.671429,0.736264,0.666667,0.684211,0.697674,0.7,0.612245,0.575,0.589744,0.682927,0.658537,0.704545,0.651163,0.75,0.604167
0.639344,0.609375,0.6875,0.55,0.685185,0.696429,0.660714,0.57377,0.586207,0.490196,0.6,0.588235,0.618182,0.596491,0.661538,0.4,0.411765,0.,0.533333,0.533333,0.533333,0.580645,0.607143,0.6,0.677966,0.518519,0.589286,0.587302,0.673077,0.596154,0.591837,0.679245,0.62069,0.631579,0.644068,0.62,0.54902,0.673469,0.648148,0.660377,0.615385,0.615385,0.679245,0.6,0.614035,0.649123,0.526316,0.528302,0.529412,0.52,0.578125,0.603448,0.645161,0.65625,0.625,0.643836,0.683544,0.714286,0.662791,0.662651,0.735849,0.74,0.661017,0.612245,0.653061,0.72549,0.754717,0.716981,0.698113,0.78,0.655172
0.614035,0.559322,0.666667,0.568965,0.604167,0.591837,0.634615,0.639344,0.655172,0.413043,0.5,0.64,0.615385,0.509804,0.54386,0.44898,0.519231,0.533333,0.,0.384615,0.5,0.472727,0.489796,0.413043,0.54902,0.509804,0.529412,0.583333,0.673469,0.591837,0.617021,0.595745,0.618182,0.654545,0.642857,0.645833,0.571429,0.644444,0.62,0.604167,0.583333,0.583333,0.653061,0.595745,0.636364,0.672727,0.644068,0.54902,0.489362,0.510638,0.640625,0.6,0.62069,0.610169,0.596154,0.642857,0.666667,0.702128,0.646341,0.628205,0.714286,0.717391,0.684211,0.577778,0.622222,0.755102,0.708333,0.745098,0.673469,0.787234,0.678571
0.589286,0.534483,0.644068,0.54386,0.632653,0.62,0.634615,0.616667,0.631579,0.413043,0.5,0.612245,0.588235,0.48,0.54386,0.416667,0.490196,0.533333,0.384615,0.,0.384615,0.5,0.489796,0.446809,0.54902,0.509804,0.529412,0.583333,0.673469,0.591837,0.617021,0.595745,0.592593,0.62963,0.642857,0.645833,0.571429,0.644444,0.62,0.604167,0.583333,0.583333,0.653061,0.595745,0.611111,0.672727,0.644068,0.576923,0.489362,0.510638,0.619048,0.6,0.62069,0.610169,0.596154,0.623188,0.648649,0.702128,0.62963,0.628205,0.714286,0.717391,0.684211,0.577778,0.622222,0.755102,0.708333,0.745098,0.673469,0.787234,0.678571
0.589286,0.559322,0.644068,0.54386,0.632653,0.62,0.634615,0.616667,0.631579,0.446809,0.5,0.583333,0.615385,0.509804,0.59322,0.44898,0.490196,0.533333,0.5,0.384615,0.,0.5,0.489796,0.479167,0.576923,0.509804,0.557692,0.606557,0.645833,0.5625,0.586957,0.595745,0.566038,0.603774,0.592593,0.586957,0.541667,0.613636,0.62,0.632653,0.612245,0.612245,0.68,0.533333,0.557692,0.596154,0.545455,0.54902,0.55102,0.571429,0.596774,0.54717,0.62069,0.610169,0.596154,0.642857,0.648649,0.715789,0.646341,0.64557,0.74,0.717391,0.636364,0.577778,0.680851,0.729167,0.76,0.745098,0.7,0.787234,0.62963
